    21/249     1.63G   0.07402   0.06154         0   0.04538    0.1809        37       640    0.1585    0.3403    0.1574   0.04135   0.07248   0.07028         0
    22/249     1.63G   0.07346    0.0648         0   0.04279     0.181        25       640    0.1728    0.3277    0.1628   0.04008   0.06963   0.07226         0
    23/249     1.63G   0.07182   0.06371         0   0.04207    0.1776        65       640    0.2458    0.3277    0.2162   0.06589   0.06668   0.07283         0
    24/249     1.63G   0.07148   0.06251         0   0.04418    0.1782        31       640    0.1921     0.312    0.1579    0.0324   0.07612   0.06605         0
    25/249     1.63G   0.07077   0.06543         0    0.0406    0.1768        27       640    0.1459    0.5037    0.2347   0.07823   0.06457   0.07311         0
    26/249     1.63G   0.07012   0.06427         0   0.04059     0.175        40       640    0.2082    0.3832    0.2258   0.05647   0.07058   0.06937         0
    27/249     1.63G    0.0711   0.06269         0   0.04121     0.175        65       640    0.1945    0.4785    0.2625   0.09306   0.06298   0.07159         0
    28/249     1.63G   0.06999   0.06311         0   0.04161    0.1747        46       640    0.1812    0.5441    0.2933    0.0968    0.0629   0.07095         0
    29/249     1.63G   0.06806   0.06411         0   0.03928    0.1715        23       640    0.1888     0.512    0.2957   0.09382   0.06259   0.07068         0
    30/249     1.63G   0.06768   0.06407         0     0.039    0.1708        38       640     0.196    0.4743    0.2786   0.09453   0.06145   0.07261         0
    31/249     1.63G   0.06685   0.06281         0   0.04147    0.1711        44       640    0.2949    0.3979    0.2835   0.08288   0.06774   0.06827         0
    32/249     1.63G   0.06843   0.06193         0   0.04038    0.1707        30       640    0.1746     0.564    0.3084    0.1086   0.06131   0.07118         0
    33/249     1.63G    0.0666   0.06455         0   0.03806    0.1692        33       640    0.1789    0.5581    0.3179    0.1025   0.06226   0.07012         0
    34/249     1.63G   0.06633   0.06193         0    0.0391    0.1674        38       640    0.2385    0.5298    0.3348    0.1119   0.06023   0.06919         0
    35/249     1.63G    0.0655   0.06418         0   0.03935     0.169        27       640     0.257    0.5236    0.3383    0.1085    0.0625   0.06778         0
    36/249     1.63G   0.06649   0.06433         0   0.03907    0.1699        29       640    0.1523    0.6115     0.344    0.1224   0.05921    0.0722         0
    37/249     1.63G   0.06469   0.05981         0   0.03844    0.1629        34       640    0.2633    0.4901    0.3382    0.1265   0.05936   0.07033         0
    38/249     1.63G   0.06214   0.06296         0   0.03782    0.1629        39       640    0.2301    0.5016    0.3323    0.1143   0.05885    0.0706         0
    39/249     1.63G   0.06283   0.06446         0   0.03812    0.1654        35       640    0.1945    0.5843    0.3481    0.1304   0.05879   0.07096         0
    40/249     1.63G   0.06574   0.06135         0   0.03857    0.1657        47       640    0.2134    0.5099    0.3084    0.1156   0.06011   0.07189         0
    41/249     1.63G   0.06207   0.06368         0   0.03701    0.1628        47       640    0.1022    0.6429    0.3019    0.1116   0.06225   0.07633         0
    42/249     1.63G   0.06163   0.06305         0   0.03709    0.1618        40       640    0.2375    0.5592    0.3797    0.1499    0.0573   0.06861         0
    43/249     1.63G   0.06372   0.05978         0   0.03654      0.16        27       640    0.2477    0.5613    0.3856    0.1518   0.05639    0.0691         0
    44/249     1.63G   0.06356   0.06125         0    0.0369    0.1617        23       640    0.2271    0.5686    0.3627    0.1108   0.06181   0.06615         0
    45/249     1.63G   0.06134   0.06082         0    0.0362    0.1584        33       640    0.2308    0.5948    0.3992      0.15   0.05714   0.06794         0
    46/249     1.63G   0.06251   0.06137         0   0.03623    0.1601        30       640    0.1849    0.6419    0.3777     0.148   0.05601   0.06965         0
    47/249     1.63G   0.06095   0.06115         0   0.03662    0.1587        30       640    0.2498    0.5309    0.3678      0.13   0.05824   0.06774         0
    48/249     1.63G   0.06341   0.06065         0   0.03653    0.1606        31       640    0.2076    0.5895    0.3644    0.1196   0.06007   0.06775         0
    49/249     1.63G   0.06167   0.06217         0   0.03531    0.1592        46       640    0.2595    0.5665     0.398     0.142   0.05738   0.06757         0
    50/249     1.63G   0.05932   0.05986         0   0.03635    0.1555        64       640      0.26    0.5738    0.3983    0.1596   0.05543   0.06858         0
    51/249     1.63G   0.06067   0.06068         0   0.03569     0.157        39       640    0.2321    0.5822    0.3784     0.158   0.05587   0.06848         0
    52/249     1.63G    0.0612   0.06097         0   0.03559    0.1578        28       640    0.1865    0.6314    0.3962    0.1469   0.05726   0.06993         0
    53/249     1.63G   0.05938   0.06143         0   0.03536    0.1562        34       640     0.223    0.6408    0.4235    0.1804   0.05465   0.06809         0
    54/249     1.63G   0.06087   0.06011         0   0.03477    0.1558        25       640    0.2953    0.5728    0.4203    0.1662   0.05631   0.06721         0
    55/249     1.63G   0.06145   0.05931         0   0.03459    0.1554        31       640    0.2091     0.645    0.4139    0.1685   0.05538   0.06803         0
    56/249     1.63G   0.05965   0.05773         0   0.03471    0.1521        30       640    0.2162    0.6398    0.4052     0.168   0.05482    0.0685         0
    57/249     1.63G   0.05943   0.06153         0    0.0348    0.1558        29       640    0.1731    0.6618    0.4167    0.1603   0.05766   0.06753         0
    58/249     1.63G   0.05875   0.05834         0   0.03433    0.1514        47       640    0.2504    0.6283    0.4258    0.1749   0.05465   0.06675         0
    59/249     1.63G   0.05942   0.06117         0   0.03445     0.155        29       640    0.2268    0.6105    0.4102    0.1725   0.05509   0.06701         0
    60/249     1.63G   0.05915   0.05751         0   0.03578    0.1524        29       640    0.1802    0.7026    0.4334    0.1836   0.05402   0.06868         0
    61/249     1.63G    0.0573   0.06017         0   0.03342    0.1509        26       640    0.2395    0.6262    0.4436    0.1892   0.05423   0.06691         0
    62/249     1.63G    0.0564   0.06174         0    0.0345    0.1526        68       640    0.2329     0.645    0.4293    0.1872   0.05331    0.0678         0
    63/249     1.63G    0.0577   0.05985         0   0.03404    0.1516        28       640    0.2424    0.6406    0.4444    0.1817   0.05563   0.06638         0
    64/249     1.63G   0.05835   0.06024         0   0.03366    0.1523        32       640    0.2367    0.6576    0.4606    0.1988   0.05352   0.06621         0
    65/249     1.63G   0.05853   0.06086         0    0.0328    0.1522        28       640    0.2588     0.623    0.4529    0.1985   0.05364   0.06625         0
    66/249     1.63G   0.05583    0.0594         0   0.03309    0.1483        38       640    0.2251    0.6942    0.4755    0.2052   0.05225   0.06661         0
    67/249     1.63G   0.05543   0.05912         0   0.03298    0.1475        29       640    0.2357    0.6503    0.4504    0.2055   0.05206   0.06757         0
    68/249     1.63G   0.05735   0.05806         0   0.03341    0.1488        33       640    0.3035    0.6021    0.4673    0.2015   0.05371   0.06579         0
    69/249     1.63G    0.0545   0.06128         0   0.03248    0.1483        38       640    0.2591    0.6346    0.4508    0.2121   0.05207   0.06718         0
    70/249     1.63G   0.05445   0.05765         0   0.03332    0.1454        29       640    0.3001    0.5849     0.448    0.2001   0.05319   0.06718         0
    71/249     1.63G   0.05535   0.05761         0    0.0327    0.1457        30       640    0.2979    0.6094    0.4614    0.2032   0.05212   0.06655         0
    72/249     1.63G   0.05627   0.05757         0   0.03311    0.1469        53       640    0.2477     0.688    0.4727    0.2046   0.05264   0.06559         0
    73/249     1.63G   0.05522    0.0561         0   0.03312    0.1444        31       640    0.2326    0.6639    0.4585     0.211   0.05197   0.06663         0
    74/249     1.63G   0.05547   0.05928         0   0.03266    0.1474        48       640    0.2335    0.6649    0.4533     0.206    0.0521   0.06674         0
    75/249     1.63G   0.05577   0.05888         0   0.03209    0.1467        26       640    0.2854    0.6356    0.4817    0.2157   0.05177   0.06538         0
    76/249     1.63G    0.0558   0.05646         0   0.03206    0.1443        50       640    0.2372    0.6712    0.4752    0.2201   0.05102    0.0667         0
    77/249     1.63G   0.05363   0.05702         0   0.03263    0.1433        32       640    0.2483    0.6817    0.4751    0.2205   0.05117   0.06593         0
    78/249     1.63G   0.05529    0.0582         0   0.03277    0.1463        22       640    0.2684    0.6513    0.4713    0.2216   0.05118   0.06592         0
    79/249     1.63G   0.05345   0.05803         0   0.03238    0.1439        49       640    0.2545    0.6785    0.5002    0.2349   0.05013   0.06546         0
    80/249     1.63G   0.05548   0.05561         0    0.0322    0.1433        45       640    0.2001    0.7162    0.4844    0.2278   0.05062   0.06734         0
    81/249     1.63G   0.05363   0.05677         0   0.03097    0.1414        56       640    0.2389    0.6702    0.4567    0.2045   0.05108   0.06714         0
    82/249     1.63G   0.05254   0.05687         0   0.03234    0.1417        27       640    0.2874    0.6607     0.492    0.2222   0.05132   0.06546         0
    83/249     1.63G   0.05426   0.05793         0   0.03198    0.1442        39       640    0.2351    0.6406    0.4451    0.1958   0.05251   0.06592         0
    84/249     1.63G   0.05324   0.05718         0   0.03183    0.1422        45       640    0.2195    0.7183    0.4936    0.2338    0.0499   0.06645         0
    85/249     1.63G   0.05183   0.05995         0   0.03117     0.143        34       640    0.2276    0.6974    0.4848    0.2289    0.0507   0.06594         0
    86/249     1.63G    0.0525   0.05689         0   0.03155    0.1409        24       640    0.2965    0.6419     0.493    0.2351   0.04965   0.06604         0
    87/249     1.63G   0.05363   0.05728         0   0.03126    0.1422        30       640    0.2374    0.7079    0.5142    0.2512   0.04984   0.06466         0
    88/249     1.63G   0.05224    0.0575         0   0.03081    0.1405        27       640    0.2146    0.6921    0.4953    0.2392   0.05042   0.06515         0
    89/249     1.63G   0.05188   0.05832         0   0.03122    0.1414        28       640    0.2579    0.6534    0.4776    0.2271   0.05012   0.06595         0
    90/249     1.63G   0.05258   0.05557         0   0.03105    0.1392        33       640    0.2653    0.6314    0.4775    0.2298   0.04995   0.06658         0
    91/249     1.63G   0.05224   0.05536         0   0.03078    0.1384        24       640    0.2242    0.6932    0.4711    0.2214   0.05188   0.06509         0
    92/249     1.63G   0.05234   0.05636         0   0.03082    0.1395        77       640    0.2272    0.6953    0.4791    0.2306    0.0503   0.06644         0
    93/249     1.63G   0.05173   0.05673         0   0.03025    0.1387        31       640    0.3069    0.6555    0.4865    0.2351   0.04936   0.06564         0
    94/249     1.63G   0.05167   0.05606         0   0.03006    0.1378        54       640     0.311    0.6408    0.4907    0.2274   0.05045   0.06562         0
    95/249     1.63G   0.05121   0.05411         0   0.03048    0.1358        31       640    0.2819    0.6429     0.491    0.2388   0.04938   0.06567         0
    96/249     1.63G   0.05053   0.05536         0   0.03013     0.136        36       640    0.2101    0.7016     0.472    0.2313   0.04931   0.06666         0
    97/249     1.63G   0.04954   0.05328         0   0.03031    0.1331        30       640    0.2369    0.6697    0.4728    0.2266   0.04977   0.06762         0
    98/249     1.63G   0.04992   0.05357         0   0.03001    0.1335        33       640     0.279    0.6482    0.4773    0.2316   0.04899   0.06626         0
    99/249     1.63G   0.05014   0.05563         0   0.02977    0.1355        47       640    0.3129    0.6597    0.5088    0.2525   0.04892   0.06479         0
   100/249     1.63G   0.05005   0.05779         0   0.02963    0.1375        36       640    0.2598    0.6691    0.4963    0.2454   0.04913   0.06515         0
   101/249     1.63G   0.04912   0.05636         0   0.02985    0.1353        46       640    0.3002    0.6618    0.5087    0.2492   0.04901   0.06516         0
   102/249     1.63G   0.04994   0.05558         0   0.02977    0.1353        27       640    0.2248    0.7026    0.5046    0.2456   0.04951   0.06508         0
   103/249     1.63G    0.0509   0.05634         0    0.0299    0.1371        41       640    0.2897    0.6408    0.4793    0.2301   0.04969    0.0654         0
   104/249     1.63G   0.04894   0.05448         0   0.02982    0.1332        26       640    0.2362    0.7047    0.5074    0.2379   0.04908   0.06647         0
   105/249     1.63G   0.04968   0.05425         0    0.0295    0.1334        35       640    0.2276    0.7037    0.4976    0.2493   0.04906   0.06529         0
   106/249     1.63G   0.05019   0.05506         0   0.02943    0.1347        46       640    0.2477    0.6817    0.4971    0.2439   0.04942   0.06502         0
   107/249     1.63G   0.04996   0.05494         0   0.02923    0.1341        28       640    0.3124    0.6387    0.4921     0.244   0.04881   0.06578         0
   108/249     1.63G   0.04848   0.05521         0   0.02911    0.1328        25       640    0.2461    0.6838    0.4875    0.2423   0.04842   0.06622         0
   109/249     1.63G   0.04808   0.05496         0   0.02897     0.132        30       640    0.2417    0.6691    0.4808    0.2407   0.04846   0.06669         0
   110/249     1.63G   0.04967   0.05409         0   0.02902    0.1328        71       640    0.2829    0.6461    0.4832    0.2335   0.04937   0.06517         0
   111/249     1.63G   0.04868   0.05519         0   0.02841    0.1323        32       640    0.2585     0.688    0.5167    0.2596   0.04879   0.06451         0
   112/249     1.63G   0.04955   0.05292         0    0.0289    0.1314        45       640    0.2572    0.7236    0.5345    0.2602   0.04856   0.06453         0
   113/249     1.63G   0.04948   0.05481         0    0.0281    0.1324        36       640    0.2684    0.6827    0.5162    0.2543    0.0488   0.06525         0
   114/249     1.63G   0.04773   0.05389         0   0.02872    0.1303        23       640    0.2971    0.6681    0.5107    0.2527   0.04847   0.06498         0
   115/249     1.63G   0.04831   0.05345         0    0.0285    0.1303        25       640    0.2392    0.6921    0.4872    0.2475   0.04858   0.06569         0
   116/249     1.63G   0.04794   0.05438         0   0.02853    0.1309        29       640      0.28    0.6754    0.4983    0.2513   0.04812   0.06497         0
   117/249     1.63G   0.04815   0.05414         0   0.02807    0.1304        32       640    0.2114    0.7152    0.5009    0.2558   0.04799   0.06634         0
   118/249     1.63G   0.04824   0.05457         0   0.02762    0.1304        41       640    0.2879    0.6712    0.5175    0.2462   0.04898    0.0648         0
   119/249     1.63G   0.04753   0.05214         0   0.02855    0.1282        27       640    0.2817    0.7016    0.5319    0.2727   0.04755   0.06373         0
   120/249     1.63G   0.04803   0.05284         0   0.02814     0.129        42       640    0.2425    0.6639    0.5018    0.2572   0.04832   0.06593         0
   121/249     1.63G   0.04668   0.05324         0   0.02782    0.1277        33       640    0.2992    0.6733    0.5234    0.2639   0.04743   0.06489         0
   122/249     1.63G   0.04756    0.0542         0   0.02799    0.1297        50       640    0.2428    0.6838     0.497    0.2453   0.04826   0.06595         0
   123/249     1.63G   0.04682   0.05482         0   0.02796    0.1296        27       640    0.2895    0.6764    0.5196    0.2624   0.04787   0.06505         0
   124/249     1.63G   0.04727   0.05401         0   0.02756    0.1288        55       640    0.2748    0.6723    0.5046    0.2568   0.04781   0.06584         0
   125/249     1.63G   0.04658   0.05134         0   0.02747    0.1254        44       640    0.2424    0.7068     0.521    0.2552   0.04856   0.06426         0
   126/249     1.63G   0.04638   0.05119         0   0.02698    0.1245        33       640    0.2348    0.6869    0.5066    0.2567   0.04805   0.06596         0
   127/249     1.63G   0.04659   0.05342         0   0.02712    0.1271        31       640     0.254    0.7246    0.5127    0.2562    0.0472   0.06549         0
   128/249     1.63G   0.04597   0.05184         0   0.02711    0.1249        27       640    0.2487    0.6942    0.5183    0.2627   0.04852   0.06451         0
   129/249     1.63G   0.04565   0.05183         0    0.0276    0.1251        33       640     0.303    0.6817    0.5294      0.27   0.04742   0.06447         0
   130/249     1.63G   0.04533   0.05342         0   0.02697    0.1257        37       640    0.2771    0.6869    0.5158    0.2618   0.04813   0.06501         0
   131/249     1.63G   0.04553   0.05077         0   0.02751    0.1238        53       640    0.2581    0.6827    0.5178    0.2713   0.04737   0.06509         0
   132/249     1.63G   0.04617   0.05262         0   0.02685    0.1256        36       640    0.2554    0.7058    0.5249    0.2739   0.04746   0.06476         0
   133/249     1.63G   0.04468   0.04961         0    0.0268    0.1211        35       640    0.3096    0.6848    0.5428    0.2797   0.04723   0.06364         0
   134/249     1.63G    0.0452   0.05027         0   0.02689    0.1224        47       640    0.2748    0.7035    0.5192    0.2622   0.04723   0.06495         0
   135/249     1.63G   0.04491   0.05076         0   0.02733     0.123        33       640    0.3245     0.667    0.5301    0.2742   0.04695   0.06451         0
   136/249     1.63G   0.04646   0.05265         0   0.02674    0.1258        41       640    0.2811    0.6921    0.5306    0.2729   0.04733   0.06458         0
   137/249     1.63G   0.04429   0.05176         0   0.02668    0.1227        25       640    0.2815     0.688    0.5237    0.2696   0.04696   0.06517         0
   138/249     1.63G   0.04389   0.05073         0    0.0267    0.1213        35       640    0.2924     0.688    0.5259    0.2732   0.04679   0.06577         0
   139/249     1.63G   0.04486   0.05153         0   0.02656     0.123        35       640    0.2481    0.7099    0.5342    0.2788   0.04699   0.06489         0
   140/249     1.63G   0.04483   0.05109         0   0.02654    0.1225        37       640     0.248    0.6932    0.5126    0.2692   0.04682    0.0661         0
   141/249     1.63G   0.04443   0.05122         0   0.02682    0.1225        40       640    0.2569    0.7037    0.5221    0.2764   0.04677   0.06538         0
   142/249     1.63G   0.04478   0.05323         0   0.02593    0.1239        38       640     0.303    0.6712    0.5292    0.2771   0.04679   0.06524         0
   143/249     1.63G   0.04385   0.05084         0   0.02618    0.1209        52       640    0.3181    0.6764    0.5457    0.2865    0.0472   0.06439         0
   144/249     1.63G   0.04333   0.04943         0   0.02658    0.1193        27       640    0.2768    0.6817    0.5158    0.2724   0.04723   0.06543         0
   145/249     1.63G   0.04287   0.04879         0   0.02621    0.1179        27       640    0.2342    0.7309    0.5308     0.273   0.04663   0.06523         0
   146/249     1.63G   0.04491   0.05287         0   0.02579    0.1236        43       640    0.3432    0.6649    0.5274    0.2765   0.04695   0.06459         0
   147/249     1.63G   0.04326     0.049         0   0.02683    0.1191        42       640     0.297    0.6932    0.5369     0.276   0.04657   0.06399         0
   148/249     1.63G   0.04407   0.04788         0   0.02659    0.1185        46       640    0.2346     0.733    0.5194    0.2674   0.04669   0.06582         0
   149/249     1.63G   0.04286   0.04895         0    0.0259    0.1177        44       640    0.2363    0.7058      0.51    0.2643   0.04727   0.06547         0
   150/249     1.63G   0.04386   0.05086         0   0.02622    0.1209        60       640    0.3057    0.6785    0.5376    0.2812    0.0469   0.06468         0
   151/249     1.63G   0.04327    0.0502         0   0.02543    0.1189        53       640    0.2939    0.6907    0.5469    0.2847   0.04714   0.06366         0
   152/249     1.63G   0.04378   0.04965         0    0.0257    0.1191        36       640    0.3162    0.6785    0.5383    0.2802   0.04683   0.06417         0
   153/249     1.63G   0.04245   0.04807         0   0.02653     0.117        27       640    0.2434    0.7246    0.5338    0.2773   0.04653   0.06487         0
   154/249     1.63G   0.04195   0.04991         0   0.02558    0.1174        41       640    0.3068    0.6796    0.5386    0.2831   0.04648   0.06445         0
   155/249     1.63G   0.04239   0.04924         0   0.02563    0.1173        26       640    0.3097    0.6796    0.5374    0.2817   0.04639   0.06441         0
   156/249     1.63G   0.04301   0.05089         0   0.02553    0.1194        27       640    0.3189    0.6764    0.5321    0.2813   0.04683   0.06423         0
   157/249     1.63G   0.04211   0.05018         0   0.02551    0.1178        62       640    0.3014    0.6796    0.5418    0.2909   0.04581   0.06446         0
   158/249     1.63G   0.04216   0.04854         0   0.02564    0.1163        36       640    0.3058    0.6883    0.5421     0.286   0.04608   0.06436         0
   159/249     1.63G   0.04199   0.04858         0   0.02565    0.1162        28       640    0.2849    0.6932    0.5397    0.2892   0.04615    0.0637         0
   160/249     1.63G   0.04133   0.04703         0   0.02522    0.1136        46       640    0.2999    0.6901     0.552    0.2957   0.04622    0.0641         0
   161/249     1.63G    0.0406   0.04824         0   0.02508    0.1139        37       640    0.2975    0.6963    0.5452    0.2907   0.04612    0.0642         0
   162/249     1.63G   0.04164   0.04978         0   0.02523    0.1167        46       640    0.3011    0.6869    0.5408    0.2884   0.04617   0.06473         0
   163/249     1.63G    0.0427   0.04957         0   0.02529    0.1176        63       640    0.3335    0.6618    0.5367    0.2834   0.04653   0.06547         0
   164/249     1.63G   0.04156   0.04782         0    0.0256     0.115        41       640    0.2923    0.7047    0.5487    0.2954   0.04573    0.0643         0
   165/249     1.63G    0.0418   0.04837         0   0.02504    0.1152        25       640     0.306    0.6984    0.5545    0.3023   0.04591    0.0636         0
   166/249     1.63G   0.04148   0.04751         0   0.02529    0.1143        27       640    0.3343    0.6649    0.5485     0.288   0.04616   0.06509         0
   167/249     1.63G    0.0411   0.04805         0    0.0254    0.1146        26       640    0.3125    0.6764    0.5412    0.2897   0.04621   0.06496         0
   168/249     1.63G   0.04094   0.04648         0   0.02504    0.1125        37       640    0.2963    0.6921     0.543     0.292   0.04678   0.06447         0
   169/249     1.63G   0.04154   0.04747         0   0.02506    0.1141        25       640    0.2983    0.7141    0.5475    0.2913   0.04584   0.06429         0
   170/249     1.63G   0.04117   0.04727         0   0.02479    0.1132        34       640    0.3058    0.6963    0.5582    0.2973    0.0458    0.0637         0
   171/249     1.63G   0.04096   0.04595         0   0.02466    0.1116        27       640    0.3372    0.6817    0.5476      0.29    0.0461   0.06406         0
   172/249     1.63G   0.04068   0.04682         0    0.0251    0.1126        39       640     0.324    0.6974    0.5574    0.2939   0.04576   0.06343         0
   173/249     1.63G   0.04012   0.04537         0   0.02513    0.1106        28       640    0.3009     0.711    0.5573     0.289   0.04583   0.06396         0
   174/249     1.63G   0.04062   0.04687         0   0.02568    0.1132        41       640     0.348    0.6681    0.5404    0.2895   0.04571   0.06485         0
   175/249     1.63G   0.04085   0.04683         0   0.02446    0.1121        32       640    0.3206    0.6628    0.5403    0.2924   0.04625   0.06493         0
   176/249     1.63G   0.04089   0.04611         0   0.02479    0.1118        50       640    0.2996    0.6911     0.549    0.2899   0.04597   0.06417         0
   177/249     1.63G   0.04011   0.04548         0   0.02474    0.1103        23       640    0.3255    0.6775    0.5437    0.2865   0.04634   0.06462         0
   178/249     1.63G   0.04005   0.04392         0   0.02539    0.1094        26       640    0.3069    0.6942    0.5472    0.2895   0.04611   0.06442         0
   179/249     1.63G   0.04047   0.04665         0    0.0246    0.1117        30       640    0.3601     0.666    0.5452    0.2897   0.04633   0.06514         0
   180/249     1.63G   0.04026   0.04492         0   0.02476    0.1099        47       640    0.2769    0.7215    0.5584    0.2987   0.04571   0.06446         0
   181/249     1.63G   0.04068   0.04679         0   0.02465    0.1121        40       640    0.3037    0.6492    0.5307    0.2885   0.04651   0.06564         0
   182/249     1.63G   0.04029   0.04597         0   0.02477     0.111        44       640    0.2837    0.6775    0.5351     0.281   0.04648   0.06538         0
   183/249     1.63G    0.0399   0.04485         0   0.02471    0.1095        32       640    0.3265    0.6733    0.5481    0.2943   0.04573   0.06555         0
   184/249     1.63G   0.03984   0.04614         0   0.02449    0.1105        41       640    0.3332    0.6681    0.5493    0.2965   0.04603   0.06517         0
   185/249     1.63G   0.04036   0.04632         0   0.02368    0.1104        58       640    0.3276    0.6953    0.5589    0.2976   0.04587   0.06426         0
   186/249     1.63G   0.03955    0.0444         0   0.02433    0.1083        26       640    0.3177    0.6775    0.5458    0.2938   0.04633   0.06507         0
   187/249     1.63G   0.04017   0.04678         0   0.02429    0.1112        34       640    0.3381    0.6815    0.5532    0.2958   0.04561   0.06517         0
   188/249     1.63G   0.03934   0.04469         0   0.02419    0.1082        27       640    0.3046    0.6974    0.5431     0.293   0.04589   0.06512         0
   189/249     1.63G   0.03964   0.04486         0   0.02431    0.1088        37       640    0.3315    0.6607    0.5434    0.2933   0.04592    0.0649         0
   190/249     1.63G   0.03958   0.04531         0   0.02432    0.1092        26       640    0.3334     0.667    0.5486    0.2925   0.04612   0.06539         0
   191/249     1.63G   0.03894   0.04583         0   0.02431    0.1091        29       640    0.3615     0.667    0.5524    0.2954   0.04594   0.06498         0
   192/249     1.63G   0.04017   0.04577         0   0.02413    0.1101        32       640    0.3294    0.6702    0.5446    0.2947   0.04591   0.06486         0
   193/249     1.63G   0.03842   0.04405         0   0.02381    0.1063        45       640    0.3149    0.6723     0.553    0.2993   0.04588   0.06478         0
   194/249     1.63G   0.03917   0.04335         0   0.02408    0.1066        28       640    0.3189    0.6911    0.5609    0.3017   0.04548   0.06451         0
   195/249     1.63G   0.03853   0.04405         0   0.02396    0.1065        27       640    0.3162    0.6921    0.5496    0.3069   0.04527   0.06449         0
   196/249     1.63G   0.03865   0.04446         0   0.02428    0.1074        25       640    0.3297    0.6817    0.5674    0.3077   0.04529   0.06446         0
   197/249     1.63G   0.03857   0.04416         0   0.02342    0.1061        35       640     0.325     0.689    0.5594    0.3052   0.04518   0.06446         0
   198/249     1.63G    0.0388   0.04398         0    0.0242     0.107        29       640    0.3326    0.6953    0.5646    0.3063   0.04553   0.06437         0
   199/249     1.63G   0.03865   0.04464         0   0.02374     0.107        26       640    0.3345    0.6869    0.5565    0.2985   0.04554   0.06485         0
   200/249     1.63G   0.03876   0.04501         0   0.02349    0.1073        43       640    0.3323    0.6764    0.5484    0.3007   0.04581   0.06528         0
   201/249     1.63G    0.0386   0.04383         0   0.02381    0.1062        44       640    0.3262     0.688    0.5462    0.2986   0.04528   0.06549         0
   202/249     1.63G   0.03859   0.04372         0   0.02389    0.1062        39       640    0.3622    0.6785    0.5548    0.3035   0.04529   0.06483         0
   203/249     1.63G   0.03788   0.04478         0   0.02349    0.1062        27       640     0.356    0.6617    0.5514    0.3015   0.04559   0.06569         0
   204/249     1.63G   0.03867   0.04491         0   0.02374    0.1073        40       640    0.3194    0.6995    0.5581    0.3049    0.0451   0.06521         0
   205/249     1.63G   0.03864   0.04636         0   0.02403     0.109        45       640    0.3426    0.6681     0.557    0.3038   0.04566   0.06538         0
   206/249     1.63G   0.03845   0.04478         0   0.02365    0.1069        27       640     0.311    0.6963    0.5499    0.3024   0.04531   0.06492         0
   207/249     1.63G   0.03848   0.04564         0   0.02344    0.1076        46       640    0.3357    0.6733    0.5409    0.2989   0.04582   0.06502         0
   208/249     1.63G   0.03816    0.0446         0   0.02343    0.1062        38       640     0.327    0.6597    0.5472     0.297   0.04606    0.0653         0
   209/249     1.63G   0.03763   0.04311         0   0.02352    0.1043        26       640     0.325    0.6764    0.5436    0.2959   0.04587   0.06502         0
   210/249     1.63G   0.03768   0.04197         0   0.02369    0.1033        42       640    0.3466     0.667    0.5513    0.2992   0.04579   0.06521         0
   211/249     1.63G   0.03777   0.04215         0   0.02304     0.103        30       640    0.3706    0.6534    0.5489     0.302   0.04609   0.06617         0
   212/249     1.63G   0.03812   0.04607         0   0.02323    0.1074        39       640    0.3445    0.6796    0.5599    0.3063   0.04597   0.06484         0
   213/249     1.63G   0.03751    0.0426         0   0.02358    0.1037        34       640    0.3442    0.6764    0.5646    0.3079   0.04575    0.0649         0
   214/249     1.63G   0.03808   0.04444         0   0.02316    0.1057        38       640    0.3453    0.6597    0.5511    0.3041   0.04552   0.06578         0
   215/249     1.63G   0.03681   0.04251         0   0.02349    0.1028        27       640    0.3541    0.6747    0.5557    0.3062   0.04564   0.06544         0
   216/249     1.63G   0.03776   0.04242         0   0.02357    0.1038        25       640    0.3697    0.6785    0.5627    0.3065   0.04565   0.06616         0
   217/249     1.63G   0.03685   0.04236         0   0.02329    0.1025        50       640    0.3469    0.6827    0.5584    0.3075   0.04571   0.06493         0
   218/249     1.63G   0.03735    0.0449         0   0.02289    0.1051        27       640    0.3686    0.6649    0.5606    0.3067   0.04567   0.06584         0
   219/249     1.63G   0.03767   0.04404         0   0.02299    0.1047        36       640    0.3461    0.6586    0.5529    0.3025   0.04615   0.06583         0
   220/249     1.63G   0.03713   0.04111         0   0.02316    0.1014        31       640     0.345    0.6754    0.5577    0.3013   0.04587   0.06533         0
   221/249     1.63G   0.03765   0.04217         0   0.02323    0.1031        28       640    0.3561    0.6733    0.5564    0.3071   0.04571   0.06553         0
   222/249     1.63G   0.03655   0.03987         0   0.02315   0.09956        26       640     0.363    0.6743    0.5649    0.3108   0.04547   0.06552         0
   223/249     1.63G   0.03691   0.04328         0   0.02287    0.1031        42       640    0.3651     0.666     0.554    0.3026   0.04578   0.06622         0
   224/249     1.63G   0.03737   0.04375         0   0.02267    0.1038        26       640    0.3212    0.6681    0.5458    0.3001   0.04611   0.06586         0
   225/249     1.63G   0.03656   0.04269         0   0.02275     0.102        37       640    0.3421    0.6597    0.5463    0.2979   0.04596   0.06592         0
   226/249     1.63G   0.03615   0.04068         0    0.0235    0.1003        29       640    0.3566    0.6712     0.558    0.3103   0.04534   0.06528         0
   227/249     1.63G   0.03679   0.04332         0   0.02326    0.1034        25       640     0.357    0.6586    0.5519    0.3086   0.04545   0.06594         0
   228/249     1.63G   0.03682   0.04419         0   0.02277    0.1038        45       640    0.3293    0.6869    0.5499    0.3038   0.04536   0.06564         0
   229/249     1.63G   0.03652   0.04238         0    0.0225    0.1014        39       640    0.3856    0.6503    0.5508    0.3011   0.04572   0.06664         0
   230/249     1.63G    0.0372   0.04339         0   0.02272    0.1033        51       640    0.3443    0.6702    0.5544     0.303   0.04522   0.06596         0
   231/249     1.63G   0.03693   0.04194         0   0.02276    0.1016        25       640    0.3551    0.6702    0.5549    0.3085   0.04534   0.06584         0
   232/249     1.63G   0.03626   0.04202         0   0.02273     0.101        31       640    0.3611    0.6723    0.5566    0.3049   0.04563   0.06635         0
   233/249     1.63G   0.03637   0.04136         0   0.02266    0.1004        39       640    0.3567    0.6796    0.5581    0.3076   0.04562   0.06599         0
   234/249     1.63G   0.03645   0.04152         0   0.02331    0.1013        26       640    0.3883    0.6639    0.5604    0.3098   0.04589   0.06566         0
   235/249     1.63G   0.03619   0.04186         0   0.02264    0.1007        32       640    0.3691    0.6639    0.5548    0.3043    0.0458   0.06618         0
   236/249     1.63G   0.03665   0.04156         0   0.02277     0.101        40       640    0.3662    0.6702    0.5617    0.3061   0.04568   0.06605         0
   237/249     1.63G   0.03656   0.04249         0    0.0231    0.1022        34       640    0.3471    0.6618    0.5488    0.3047    0.0457   0.06623         0
   238/249     1.63G   0.03617   0.04041         0   0.02299   0.09957        39       640    0.3528    0.6607    0.5457       0.3   0.04601   0.06615         0
   239/249     1.63G   0.03629   0.04164         0   0.02293    0.1009        36       640    0.3634    0.6513    0.5506    0.3025   0.04588    0.0671         0
   240/249     1.63G     0.036   0.04136         0   0.02275    0.1001        43       640    0.3594    0.6576    0.5498    0.3028   0.04572   0.06661         0
   241/249     1.63G    0.0364     0.043         0   0.02234    0.1017        48       640    0.3885    0.6524    0.5547    0.3051   0.04559   0.06646         0
   242/249     1.63G   0.03665   0.04268         0   0.02283    0.1022        53       640    0.3427    0.6691    0.5426    0.2969   0.04592   0.06622         0
   243/249     1.63G   0.03644   0.04136         0   0.02255    0.1004        55       640    0.3575    0.6628    0.5417    0.2974   0.04582   0.06676         0
   244/249     1.63G   0.03629   0.04221         0   0.02283    0.1013        27       640    0.3725    0.6733    0.5548    0.3052   0.04576    0.0665         0
   245/249     1.63G   0.03595   0.04062         0   0.02261   0.09919        34       640    0.3918    0.6639    0.5555    0.3084   0.04572   0.06651         0
   246/249     1.63G   0.03653   0.04198         0   0.02292    0.1014        67       640    0.3672    0.6743    0.5504    0.2983   0.04577   0.06669         0
   247/249     1.63G   0.03549   0.04009         0   0.02241   0.09799        24       640    0.3927    0.6576    0.5515    0.3066   0.04546   0.06661         0
   248/249     1.63G    0.0363   0.04123         0   0.02269    0.1002        26       640    0.3625    0.6628    0.5498    0.3064    0.0457   0.06687         0
   249/249     1.63G   0.03538   0.03962         0   0.02242   0.09743        33       640    0.3776    0.6471    0.5446    0.3009   0.04642   0.06707         0
