    21/249     1.72G   0.07005   0.04644         0   0.04494    0.1614        28       640    0.2168    0.3504    0.1789   0.05102   0.06512    0.0537         0
    22/249     1.72G   0.06941   0.04796         0   0.04114    0.1585        30       640    0.1519    0.4283    0.1687   0.04909   0.06508   0.05424         0
    23/249     1.74G   0.06971   0.04718         0   0.04326    0.1601        34       640    0.1845    0.4272    0.2134   0.06681   0.06409   0.05328         0
    24/249     1.74G   0.06837   0.04662         0   0.04296     0.158        31       640    0.1867    0.3539    0.1826   0.05818   0.06528   0.05305         0
    25/249     1.74G   0.06755   0.04694         0   0.04062    0.1551        48       640    0.1207    0.5204    0.2021   0.06461    0.0636   0.05564         0
    26/249     1.74G   0.06647   0.04716         0   0.04065    0.1543        39       640    0.2025    0.4272    0.2276   0.07573   0.06422   0.05188         0
    27/249     1.74G   0.06685   0.04583         0   0.04047    0.1532        27       640    0.2828    0.3277    0.2269   0.07877   0.06178   0.05374         0
    28/249     1.74G   0.06567   0.04726         0   0.04033    0.1533        30       640    0.1656    0.4935     0.225   0.06403   0.06364   0.05398         0
    29/249     1.74G   0.06614    0.0474         0   0.03985    0.1534        45       640    0.2059    0.4649    0.2678   0.08614   0.06293   0.05102         0
    30/249     1.74G   0.06423   0.04651         0   0.03949    0.1502        29       640    0.1493    0.5707    0.2867    0.1072   0.05993   0.05451         0
    31/249     1.74G   0.06397   0.04594         0   0.04013      0.15        30       640    0.3007    0.3686    0.2522   0.09272    0.0601   0.05354         0
    32/249     1.74G   0.06476   0.04763         0   0.03934    0.1517        26       640    0.2562    0.4681    0.2922    0.1085   0.06012   0.05101         0
    33/249     1.74G    0.0627   0.04697         0   0.03869    0.1484        29       640    0.1863    0.5435    0.2961    0.1027   0.05969   0.05161         0
    34/249     1.74G   0.06322   0.04668         0   0.03618    0.1461        37       640    0.2306     0.527     0.312    0.1258   0.05806   0.05118         0
    35/249     1.74G   0.06295   0.04576         0    0.0378    0.1465        32       640    0.1829    0.5497    0.2984    0.1102   0.05826   0.05199         0
    36/249     1.74G   0.06249   0.04432         0   0.03904    0.1459        41       640    0.2126    0.5183    0.2921     0.106      0.06   0.05132         0
    37/249     1.74G   0.06326   0.04591         0   0.03806    0.1472        38       640    0.2151     0.533    0.2979    0.1028   0.05834   0.05116         0
    38/249     1.74G   0.06047    0.0436         0   0.03681    0.1409        26       640    0.1986    0.5529    0.3308    0.1265   0.05697   0.05137         0
    39/249     1.74G   0.06154   0.04713         0   0.03757    0.1462        27       640    0.1168    0.6262    0.2831    0.1054   0.05834   0.05587         0
    40/249     1.74G   0.06168   0.04562         0    0.0354    0.1427        28       640    0.2515    0.5068    0.3049    0.1151   0.05861   0.05048         0
    41/249     1.74G    0.0598   0.04536         0   0.03637    0.1415        30       640    0.2561    0.5298    0.3495    0.1384   0.05666   0.04991         0
    42/249     1.74G   0.05947   0.04478         0    0.0365    0.1408        70       640    0.1973     0.555    0.3428    0.1364   0.05686   0.05113         0
    43/249     1.74G   0.05974   0.04313         0   0.03631    0.1392        25       640    0.2578    0.4974     0.333    0.1386   0.05607   0.05089         0
    44/249     1.74G    0.0615   0.04401         0   0.03576    0.1413        40       640    0.2595    0.5508    0.3657    0.1445   0.05672   0.04927         0
    45/249     1.74G    0.0599   0.04378         0   0.03509    0.1388        28       640    0.1895     0.609    0.3526    0.1386   0.05666   0.05074         0
    46/249     1.74G   0.05953   0.04377         0   0.03528    0.1386        57       640    0.1919     0.623    0.3736    0.1452   0.05568   0.05078         0
    47/249     1.74G   0.05858   0.04523         0   0.03548    0.1393        61       640    0.2062    0.6241    0.3905    0.1632   0.05509   0.04996         0
    48/249     1.74G   0.05944   0.04468         0   0.03508    0.1392        57       640    0.2606    0.5319    0.3738    0.1431   0.05683   0.04871         0
    49/249     1.74G   0.05792    0.0432         0   0.03445    0.1356        33       640    0.2072    0.6073    0.3781    0.1569   0.05425   0.04973         0
    50/249     1.74G   0.05665   0.04245         0   0.03422    0.1333        26       640    0.3046    0.5058    0.3622     0.134   0.05588   0.04952         0
    51/249     1.74G   0.05865   0.04451         0   0.03418    0.1373        40       640    0.2137    0.6073    0.3802    0.1618   0.05482   0.04982         0
    52/249     1.74G   0.05718   0.04411         0   0.03405    0.1353        27       640    0.1456    0.6901    0.3889    0.1667   0.05347   0.05349         0
    53/249     1.74G   0.05771    0.0444         0   0.03365    0.1358        26       640    0.1729    0.6635    0.3882    0.1608   0.05415   0.05117         0
    54/249     1.74G   0.05741   0.04542         0   0.03249    0.1353        46       640     0.196    0.6262    0.3819    0.1591   0.05449   0.05001         0
    55/249     1.74G    0.0568   0.04344         0   0.03396    0.1342        37       640    0.2505    0.6059    0.3858    0.1725   0.05345   0.04887         0
    56/249     1.74G    0.0579   0.04391         0   0.03435    0.1362        30       640    0.2331    0.6188    0.4049    0.1852   0.05274   0.04884         0
    57/249     1.74G   0.05596   0.04388         0   0.03318     0.133        44       640    0.2582    0.5912    0.3967    0.1785    0.0526   0.04872         0
    58/249     1.74G   0.05542   0.04444         0   0.03316     0.133        23       640    0.2579    0.6356    0.4173    0.1869   0.05243   0.04806         0
    59/249     1.74G   0.05567   0.04287         0   0.03279    0.1313        30       640    0.2092    0.6073    0.3803    0.1665   0.05421     0.049         0
    60/249     1.74G   0.05693   0.04441         0    0.0322    0.1335        21       640    0.1734    0.6645    0.3865    0.1697   0.05311   0.05094         0
    61/249     1.74G   0.05619   0.04181         0   0.03153    0.1295        20       640    0.2238    0.6429    0.3872    0.1506   0.05409   0.04942         0
    62/249     1.74G   0.05532   0.04309         0   0.03275    0.1312        26       640    0.2632    0.5937    0.4196    0.1911   0.05226   0.04846         0
    63/249     1.74G   0.05488   0.04293         0   0.03146    0.1293        45       640    0.2358    0.6341    0.4194    0.1918   0.05142   0.04846         0
    64/249     1.74G   0.05405   0.04165         0   0.03174    0.1274        38       640    0.2906    0.5812    0.4293     0.197   0.05118   0.04819         0
    65/249     1.74G   0.05343    0.0433         0   0.03197    0.1287        57       640    0.3531    0.5372    0.4411     0.209   0.05095   0.04803         0
    66/249     1.74G   0.05429   0.04318         0   0.03187    0.1293        35       640     0.244    0.6482     0.445    0.2072   0.05012   0.04832         0
    67/249     1.74G   0.05424    0.0418         0   0.03177    0.1278        30       640    0.3001     0.577    0.4336    0.2043   0.05127   0.04796         0
    68/249     1.74G    0.0539   0.04166         0   0.03113    0.1267        41       640    0.1805    0.6775    0.4191     0.194   0.05103   0.04984         0
    69/249     1.74G   0.05319   0.04186         0   0.03148    0.1265        43       640    0.2305     0.645    0.4269    0.2054   0.05071    0.0488         0
    70/249     1.74G   0.05336   0.04196         0   0.03098    0.1263        28       640    0.2559    0.6398    0.4292    0.2013   0.05032   0.04805         0
    71/249     1.74G   0.05291   0.04088         0   0.03073    0.1245        24       640    0.2703    0.6304    0.4512    0.2135   0.05017   0.04772         0
    72/249     1.74G   0.05346   0.04177         0   0.03151    0.1267        30       640    0.2264    0.6534    0.4254    0.1912   0.05138   0.04818         0
    73/249     1.74G   0.05342   0.04129         0   0.03073    0.1254        29       640    0.2288     0.667    0.4489    0.1988   0.05202    0.0475         0
    74/249     1.74G   0.05144   0.04043         0   0.03056    0.1224        40       640    0.2575    0.6398    0.4435    0.2103   0.04986   0.04784         0
    75/249     1.74G   0.05348   0.04307         0   0.02992    0.1265        49       640    0.3191     0.601    0.4431    0.2008   0.05127   0.04741         0
    76/249     1.74G    0.0528    0.0417         0   0.03016    0.1247        35       640    0.2431    0.6649    0.4621    0.2136   0.05124   0.04676         0
    77/249     1.74G   0.05171   0.04328         0   0.02952    0.1245        36       640     0.225    0.7026    0.4709    0.2385   0.04876   0.04767         0
    78/249     1.74G   0.05108   0.04162         0   0.03007    0.1228        28       640    0.2581    0.6534    0.4542    0.2204   0.05015    0.0473         0
    79/249     1.74G   0.05213   0.04158         0   0.02959    0.1233        19       640    0.3032    0.6377    0.4543     0.233   0.04933    0.0464         0
    80/249     1.74G   0.05097   0.04125         0   0.02987    0.1221        64       640    0.2632    0.6597    0.4621     0.221   0.04989   0.04625         0
    81/249     1.74G   0.05185   0.04167         0   0.02988    0.1234        29       640    0.2821    0.6366    0.4692    0.2333   0.04901   0.04697         0
    82/249     1.74G   0.05074   0.04306         0   0.02945    0.1233        35       640    0.2021    0.6827    0.4377    0.2175   0.04936   0.04834         0
    83/249     1.74G   0.05084   0.04181         0   0.02907    0.1217        43       640    0.2638    0.6628    0.4772    0.2279   0.04856   0.04671         0
    84/249     1.74G   0.05099   0.04038         0   0.02966     0.121        27       640    0.3373    0.6366    0.4822    0.2288    0.0488   0.04641         0
    85/249     1.74G   0.04944   0.04068         0   0.02915    0.1193        23       640    0.2581    0.6731    0.4563    0.2285   0.04867   0.04759         0
    86/249     1.74G   0.04825   0.04075         0   0.02952    0.1185        23       640    0.2346    0.6974    0.4645    0.2284   0.04874   0.04743         0
    87/249     1.74G   0.05017   0.04158         0   0.02933    0.1211        42       640    0.3136    0.6272    0.4663    0.2354   0.04894   0.04643         0
    88/249     1.74G   0.04992   0.03984         0   0.02894    0.1187        39       640    0.2371    0.6869    0.4606    0.2318    0.0485   0.04733         0
    89/249     1.74G   0.04885   0.04098         0   0.02883    0.1186        36       640    0.2493    0.6495    0.4554    0.2242   0.04867   0.04763         0
    90/249     1.74G   0.04826    0.0403         0   0.02916    0.1177        34       640    0.2353     0.688    0.4812    0.2299   0.04849   0.04684         0
    91/249     1.74G   0.04912   0.03975         0   0.02903    0.1179        32       640    0.2555    0.6869    0.4816    0.2356   0.04795   0.04681         0
    92/249     1.74G   0.04896   0.03955         0    0.0293    0.1178        38       640    0.3095    0.6482    0.5115     0.251   0.04871   0.04562         0
    93/249     1.74G   0.04962   0.04046         0   0.02776    0.1178        41       640    0.2639     0.667    0.4766    0.2353   0.04807   0.04621         0
    94/249     1.74G   0.04884   0.04012         0   0.02788    0.1168        27       640    0.2285    0.6764    0.4493    0.2133   0.04894   0.04729         0
    95/249     1.74G   0.04925   0.03982         0   0.02764    0.1167        26       640    0.2527    0.6723    0.4542    0.2303   0.04774   0.04725         0
    96/249     1.74G    0.0483   0.03883         0   0.02752    0.1147        38       640    0.2691    0.6806    0.4776     0.236   0.04801   0.04672         0
    97/249     1.74G   0.04775   0.03915         0   0.02781    0.1147        31       640    0.2597    0.6781    0.4763    0.2323   0.04825   0.04607         0
    98/249     1.74G   0.04811   0.03845         0   0.02792    0.1145        47       640    0.2863    0.6691    0.4765     0.238   0.04747   0.04633         0
    99/249     1.74G   0.04799   0.03893         0   0.02716    0.1141        45       640    0.3101    0.6524    0.5066    0.2461   0.04712   0.04573         0
   100/249     1.74G   0.04788    0.0389         0   0.02722     0.114        35       640     0.253     0.711    0.5024    0.2438   0.04762   0.04657         0
   101/249     1.74G   0.04782   0.04042         0   0.02712    0.1154        35       640     0.286    0.6492    0.4926    0.2497   0.04775   0.04598         0
   102/249     1.74G   0.04638    0.0383         0   0.02798    0.1127        28       640     0.262    0.6743    0.4942    0.2472   0.04702   0.04649         0
   103/249     1.74G   0.04706   0.03804         0   0.02708    0.1122        25       640     0.273    0.6764    0.4956    0.2539    0.0468    0.0458         0
   104/249     1.74G    0.0476   0.03912         0   0.02763    0.1144        28       640    0.2632    0.6974    0.5048    0.2493   0.04739    0.0461         0
   105/249     1.74G   0.04651   0.03977         0   0.02729    0.1136        40       640    0.2349    0.6733    0.4789    0.2482   0.04723   0.04696         0
   106/249     1.74G   0.04684   0.03573         0   0.02727    0.1098        45       640    0.3396    0.6343    0.5062    0.2433   0.04816   0.04542         0
   107/249     1.74G   0.04804   0.03896         0   0.02651    0.1135        28       640    0.2647    0.6817    0.5083    0.2547   0.04756   0.04529         0
   108/249     1.74G   0.04572   0.03934         0   0.02706    0.1121        39       640    0.2842    0.6576    0.5085    0.2618   0.04718   0.04619         0
   109/249     1.74G   0.04594   0.03727         0   0.02676      0.11        32       640    0.2801    0.6702    0.5053    0.2589   0.04693   0.04543         0
   110/249     1.74G   0.04616   0.03813         0   0.02633    0.1106        28       640    0.2836    0.6586     0.502    0.2614   0.04756   0.04564         0
   111/249     1.74G   0.04594   0.03719         0   0.02691      0.11        33       640    0.3012    0.6607    0.4936    0.2557   0.04686   0.04578         0
   112/249     1.74G   0.04581    0.0376         0   0.02654      0.11        26       640    0.2801    0.6974    0.5186    0.2633   0.04698   0.04493         0
   113/249     1.74G   0.04546   0.03818         0   0.02581    0.1095        38       640    0.2705    0.6429    0.4849    0.2449   0.04729   0.04664         0
   114/249     1.74G   0.04568   0.03746         0   0.02603    0.1092        42       640    0.2574    0.6921    0.4928    0.2521   0.04676   0.04637         0
   115/249     1.74G   0.04562   0.03875         0   0.02643    0.1108        44       640    0.2556    0.6612    0.4774    0.2464   0.04744    0.0462         0
   116/249     1.74G   0.04524   0.03904         0    0.0266    0.1109        26       640    0.2539    0.6963     0.495    0.2551   0.04659   0.04579         0
   117/249     1.74G   0.04513   0.03584         0   0.02609    0.1071        28       640    0.2451    0.6932    0.4891    0.2594   0.04659   0.04636         0
   118/249     1.74G   0.04531   0.03781         0   0.02594    0.1091        36       640    0.3395    0.6597    0.5277    0.2744   0.04638   0.04476         0
   119/249     1.74G   0.04464   0.03748         0   0.02583     0.108        28       640    0.2389    0.6796    0.4918    0.2474   0.04745   0.04655         0
   120/249     1.74G   0.04527   0.03848         0   0.02559    0.1093        42       640    0.2818    0.6785    0.5215    0.2721   0.04663   0.04509         0
   121/249     1.74G    0.0447   0.03676         0    0.0258    0.1073        34       640    0.2715    0.6817    0.5291     0.268    0.0466   0.04528         0
   122/249     1.74G   0.04513   0.03769         0   0.02557    0.1084        46       640    0.3639    0.6576    0.5334    0.2796   0.04667   0.04453         0
   123/249     1.74G   0.04467   0.03773         0   0.02545    0.1079        38       640    0.3012    0.6827    0.5274    0.2817    0.0458   0.04471         0
   124/249     1.74G   0.04351   0.03706         0   0.02622    0.1068        40       640    0.2609    0.6775    0.5121    0.2751   0.04651   0.04555         0
   125/249     1.74G   0.04301   0.03765         0   0.02532     0.106        29       640    0.3109    0.6865    0.5312    0.2846   0.04595   0.04465         0
   126/249     1.74G   0.04421   0.03881         0   0.02534    0.1084        37       640    0.2885     0.689    0.5236    0.2783   0.04601   0.04507         0
   127/249     1.74G   0.04414   0.03646         0   0.02534    0.1059        33       640    0.3385    0.6304    0.5042    0.2671   0.04685   0.04549         0
   128/249     1.74G   0.04418   0.03684         0   0.02514    0.1062        24       640    0.2963    0.6921    0.5207    0.2676   0.04634   0.04541         0
   129/249     1.74G   0.04273   0.03526         0   0.02534    0.1033        35       640    0.2829    0.6775    0.5046    0.2627   0.04668   0.04577         0
   130/249     1.74G   0.04344   0.03489         0   0.02508    0.1034        58       640    0.2834    0.6806    0.5046    0.2624   0.04667   0.04589         0
   131/249     1.74G   0.04289   0.03516         0   0.02488    0.1029        28       640    0.2861    0.6942    0.5257    0.2727   0.04611   0.04503         0
   132/249     1.74G   0.04269   0.03651         0   0.02522    0.1044        46       640    0.2355    0.7246    0.5052    0.2611    0.0464   0.04662         0
   133/249     1.74G   0.04322   0.03402         0   0.02478     0.102        31       640    0.3156    0.6942     0.537    0.2805   0.04597   0.04487         0
   134/249     1.74G   0.04181   0.03571         0   0.02466    0.1022        30       640    0.2892    0.7047    0.5387    0.2742   0.04564   0.04532         0
   135/249     1.74G   0.04276   0.03637         0   0.02466    0.1038        28       640    0.3171    0.6911    0.5317    0.2827   0.04538   0.04456         0
   136/249     1.74G   0.04327   0.03524         0   0.02452     0.103        29       640    0.3263    0.6921    0.5352    0.2791   0.04582    0.0448         0
   137/249     1.74G   0.04261   0.03676         0   0.02512    0.1045        47       640    0.2697    0.7079    0.5002    0.2594   0.04553   0.04596         0
   138/249     1.74G   0.04158   0.03467         0    0.0247    0.1009        28       640    0.3588    0.6534    0.5428    0.2855   0.04564   0.04488         0
   139/249     1.74G    0.0423   0.03623         0   0.02414    0.1027        36       640       0.3    0.6848    0.5347    0.2811   0.04573   0.04517         0
   140/249     1.74G   0.04168   0.03652         0    0.0248     0.103        38       640    0.2912    0.7131    0.5327    0.2865   0.04529   0.04486         0
   141/249     1.74G   0.04191   0.03582         0   0.02437    0.1021        23       640    0.3011    0.6806    0.5282    0.2811   0.04582   0.04539         0
   142/249     1.74G   0.04127   0.03533         0   0.02431    0.1009        26       640    0.3217    0.6806      0.53    0.2794   0.04565   0.04489         0
   143/249     1.74G   0.04163   0.03509         0   0.02428     0.101        49       640    0.3013    0.6754    0.5072     0.266   0.04645   0.04616         0
   144/249     1.74G   0.04256   0.03585         0   0.02443    0.1028        31       640    0.2612    0.6911    0.5229    0.2837   0.04614   0.04546         0
   145/249     1.74G   0.04209   0.03628         0   0.02417    0.1025        40       640    0.2828    0.7173    0.5323    0.2868    0.0453   0.04518         0
   146/249     1.74G   0.04088   0.03472         0   0.02399   0.09958        34       640    0.2567     0.712      0.51    0.2701   0.04572   0.04679         0
   147/249     1.74G   0.04078   0.03502         0   0.02387   0.09967        39       640    0.3161    0.6806    0.5306    0.2816   0.04588    0.0448         0
   148/249     1.74G   0.04138   0.03501         0   0.02365       0.1        35       640    0.3232    0.6796    0.5382    0.2882   0.04576   0.04475         0
   149/249     1.74G   0.04022   0.03416         0   0.02409   0.09847        35       640    0.3137    0.6963    0.5356    0.2867   0.04585   0.04505         0
   150/249     1.74G   0.04135   0.03529         0   0.02434     0.101        41       640    0.3137    0.6984     0.549    0.3014   0.04533   0.04419         0
   151/249     1.74G   0.04133   0.03429         0   0.02359   0.09921        39       640    0.3126     0.689    0.5373    0.2923   0.04554   0.04476         0
   152/249     1.74G   0.04005   0.03418         0   0.02382   0.09805        43       640    0.3121    0.6778    0.5388    0.2945   0.04531   0.04478         0
   153/249     1.74G   0.04031   0.03418         0   0.02353   0.09802        25       640    0.2968    0.6993    0.5348    0.2892   0.04541   0.04512         0
   154/249     1.74G   0.04009   0.03446         0   0.02416   0.09871        53       640    0.3097    0.6963    0.5313    0.2824   0.04567   0.04545         0
   155/249     1.74G   0.03968    0.0347         0   0.02365   0.09802        59       640    0.2879    0.7026     0.534    0.2837   0.04545   0.04538         0
   156/249     1.74G   0.04028     0.034         0    0.0237   0.09798        39       640    0.3203    0.6743    0.5345    0.2841   0.04586   0.04496         0
   157/249     1.74G   0.04026   0.03351         0   0.02348   0.09725        55       640    0.3013    0.6785    0.5254    0.2852   0.04612   0.04547         0
   158/249     1.74G   0.03937   0.03344         0   0.02339    0.0962        31       640    0.3229      0.67    0.5346    0.2909    0.0458   0.04512         0
   159/249     1.74G   0.03963   0.03305         0   0.02359   0.09627        39       640    0.3427    0.6639    0.5368     0.287   0.04595   0.04548         0
   160/249     1.74G   0.03974   0.03352         0   0.02326   0.09652        29       640    0.3236    0.6827    0.5456    0.2979   0.04565   0.04517         0
   161/249     1.74G    0.0395   0.03373         0    0.0234   0.09663        56       640    0.2812    0.6963    0.5373    0.2899   0.04553   0.04544         0
   162/249     1.74G   0.03893   0.03228         0     0.023   0.09422        37       640    0.3143    0.6921    0.5407    0.2903   0.04544   0.04468         0
   163/249     1.74G   0.03942   0.03354         0   0.02367   0.09663        24       640    0.3434    0.6754     0.547    0.2916   0.04571   0.04473         0
   164/249     1.74G   0.03804   0.03251         0   0.02285    0.0934        42       640    0.3063    0.6911    0.5371    0.2939   0.04509   0.04548         0
   165/249     1.74G   0.03898   0.03239         0    0.0234   0.09477        32       640    0.3419    0.6471    0.5356    0.2944   0.04565   0.04502         0
   166/249     1.74G   0.03876   0.03279         0    0.0227   0.09425        28       640    0.3164    0.6995    0.5443    0.2945   0.04526   0.04509         0
   167/249     1.74G   0.03899   0.03306         0   0.02344   0.09549        26       640    0.3114    0.6806    0.5301    0.2896   0.04564   0.04543         0
   168/249     1.74G   0.03901   0.03348         0   0.02306   0.09555        31       640    0.3551    0.6639     0.542    0.2977   0.04538   0.04495         0
   169/249     1.74G   0.03884   0.03401         0   0.02287   0.09572        48       640    0.3454    0.6597     0.538    0.2928   0.04552   0.04526         0
   170/249     1.74G   0.03733   0.03118         0   0.02285   0.09136        34       640    0.3549    0.6419    0.5306     0.291    0.0454    0.0454         0
   171/249     1.74G   0.03858   0.03329         0   0.02245   0.09432        38       640    0.3468     0.667    0.5296    0.2896   0.04527   0.04502         0
   172/249     1.74G   0.03795   0.03234         0   0.02257   0.09286        38       640    0.3275    0.6785    0.5333    0.2956   0.04466   0.04514         0
   173/249     1.74G   0.03818   0.03218         0   0.02279   0.09315        31       640    0.3108    0.6901     0.543    0.2976   0.04527   0.04475         0
   174/249     1.74G   0.03767    0.0325         0   0.02279   0.09295        45       640    0.3756    0.6545    0.5432    0.2994   0.04519   0.04453         0
   175/249     1.74G   0.03815   0.03121         0   0.02264     0.092        48       640     0.328    0.6775      0.53    0.2926   0.04544   0.04475         0
   176/249     1.74G   0.03804   0.03283         0    0.0228   0.09367        26       640    0.3263    0.6911    0.5452    0.2996   0.04535   0.04468         0
   177/249     1.74G   0.03719   0.03145         0   0.02286    0.0915        27       640     0.339    0.6785    0.5406    0.2948    0.0451   0.04497         0
   178/249     1.74G   0.03755   0.03304         0   0.02188   0.09246        42       640    0.3672    0.6429    0.5378    0.2931   0.04528   0.04532         0
   179/249     1.74G   0.03702   0.03126         0   0.02266   0.09094        32       640    0.3194    0.6764    0.5361    0.2913   0.04567   0.04526         0
   180/249     1.74G   0.03734   0.03055         0   0.02255   0.09044        35       640    0.3185    0.6817    0.5411    0.3005   0.04479   0.04544         0
   181/249     1.74G   0.03711   0.03087         0   0.02207   0.09004        30       640    0.3368    0.6785    0.5385    0.2987   0.04505   0.04553         0
   182/249     1.74G   0.03652   0.03074         0   0.02246   0.08972        42       640    0.3357    0.6712    0.5348    0.2942   0.04479   0.04563         0
   183/249     1.74G   0.03745   0.03186         0   0.02263   0.09194        52       640    0.3605    0.6649    0.5536    0.3052   0.04488   0.04524         0
   184/249     1.74G   0.03675   0.03248         0   0.02214   0.09137        25       640    0.3347    0.6733    0.5332    0.2975   0.04524   0.04535         0
   185/249     1.74G    0.0362   0.03054         0   0.02255   0.08929        31       640    0.3033    0.6691    0.5213    0.2854   0.04592     0.046         0
   186/249     1.74G   0.03628   0.03039         0   0.02203    0.0887        37       640    0.4185    0.6555    0.5674      0.31   0.04482   0.04523         0
   187/249     1.74G   0.03716   0.03195         0    0.0219   0.09101        26       640    0.3309    0.6806     0.544    0.2995   0.04513   0.04579         0
   188/249     1.74G   0.03622   0.03098         0   0.02226   0.08945        41       640    0.3552    0.6628    0.5344    0.3002   0.04553   0.04537         0
   189/249     1.74G   0.03641    0.0303         0   0.02208   0.08879        34       640    0.3463     0.666    0.5379    0.2965   0.04534   0.04601         0
   190/249     1.74G   0.03664   0.03226         0   0.02212   0.09102        28       640    0.3621    0.6754    0.5495    0.3069   0.04514   0.04486         0
   191/249     1.74G   0.03662   0.03166         0   0.02214   0.09041        37       640    0.3962    0.6503    0.5466    0.3054   0.04518   0.04518         0
   192/249     1.74G   0.03654   0.03098         0   0.02245   0.08998        23       640    0.3619    0.6712    0.5469    0.3016   0.04541   0.04534         0
   193/249     1.74G   0.03573   0.03085         0   0.02164   0.08822        34       640    0.3741    0.6785    0.5561    0.3095   0.04534   0.04491         0
   194/249     1.74G   0.03636   0.03116         0   0.02158   0.08909        31       640    0.3935    0.6513     0.546     0.306   0.04516   0.04566         0
   195/249     1.74G   0.03578   0.03068         0   0.02185   0.08831        34       640    0.3734    0.6806    0.5505    0.3074   0.04512   0.04501         0
   196/249     1.74G   0.03547   0.03205         0   0.02091   0.08843        26       640     0.345    0.6984    0.5567    0.3082   0.04488    0.0455         0
   197/249     1.74G   0.03605   0.03085         0   0.02146   0.08836        29       640    0.3925    0.6555    0.5497     0.302    0.0453   0.04539         0
   198/249     1.74G   0.03552   0.02936         0   0.02183   0.08671        41       640    0.3815    0.6375    0.5402    0.2969   0.04553   0.04597         0
   199/249     1.74G   0.03538   0.03021         0   0.02222   0.08782        36       640    0.3702    0.6576    0.5421    0.3026   0.04493   0.04545         0
   200/249     1.74G   0.03539   0.02959         0   0.02163   0.08661        40       640    0.3488     0.666     0.542     0.303   0.04502   0.04565         0
   201/249     1.74G    0.0347   0.02958         0   0.02165   0.08593        38       640    0.3714    0.6649    0.5437    0.3056   0.04515   0.04544         0
   202/249     1.74G   0.03504   0.02886         0   0.02131   0.08522        36       640    0.4124    0.6398    0.5486    0.3087   0.04517    0.0458         0
   203/249     1.74G   0.03494   0.02906         0   0.02131   0.08531        43       640    0.4119    0.6387    0.5504    0.3094    0.0448   0.04608         0
   204/249     1.74G   0.03511   0.03022         0   0.02125   0.08658        28       640    0.3518    0.6743    0.5479    0.3088   0.04469   0.04545         0
   205/249     1.74G   0.03493    0.0294         0   0.02133   0.08566        34       640    0.3577    0.6785    0.5407    0.3042   0.04492    0.0458         0
   206/249     1.74G    0.0358   0.02968         0   0.02156   0.08704        40       640    0.4191    0.6576    0.5461    0.3119   0.04468   0.04539         0
   207/249     1.74G    0.0346    0.0298         0   0.02155   0.08596        35       640    0.4125    0.6513    0.5498    0.3099   0.04469   0.04553         0
   208/249     1.74G   0.03556   0.03066         0    0.0213   0.08752        29       640    0.3786    0.6806    0.5573    0.3169    0.0445   0.04512         0
   209/249     1.74G   0.03446    0.0302         0   0.02118   0.08584        60       640    0.3646    0.6576    0.5344    0.3033   0.04509   0.04596         0
   210/249     1.74G   0.03501   0.03041         0   0.02141   0.08682        39       640    0.4284     0.622    0.5384    0.2989   0.04521   0.04661         0
   211/249     1.74G    0.0348   0.02928         0   0.02128   0.08536        40       640    0.3818    0.6681    0.5483     0.308    0.0451   0.04567         0
   212/249     1.74G   0.03517   0.02954         0    0.0213   0.08602        46       640    0.3654    0.6649    0.5421    0.3063   0.04482   0.04597         0
   213/249     1.74G   0.03412   0.02922         0    0.0212   0.08454        21       640    0.4179    0.6398     0.555    0.3099   0.04483   0.04596         0
   214/249     1.74G   0.03446   0.03001         0   0.02162   0.08609        29       640    0.3762    0.6576    0.5429    0.3079   0.04487   0.04563         0
   215/249     1.74G   0.03479   0.02946         0   0.02085    0.0851        36       640    0.4106    0.6419    0.5456    0.3071   0.04509   0.04632         0
   216/249     1.74G   0.03449   0.02866         0   0.02138   0.08454        44       640    0.3801     0.644    0.5426    0.3021   0.04527   0.04602         0
   217/249     1.74G   0.03406   0.02959         0   0.02109   0.08474        30       640    0.3688    0.6555    0.5403    0.3011   0.04496   0.04608         0
   218/249     1.74G   0.03416   0.02984         0   0.02094   0.08494        34       640    0.4206    0.6419    0.5435    0.3043   0.04494   0.04632         0
   219/249     1.74G   0.03413   0.02897         0    0.0218    0.0849        29       640    0.3867    0.6482    0.5339    0.2984   0.04496   0.04585         0
   220/249     1.74G   0.03455   0.02896         0   0.02101   0.08451        29       640    0.3993    0.6262    0.5379       0.3   0.04497    0.0471         0
   221/249     1.74G   0.03505   0.03025         0   0.02116   0.08645        44       640    0.3839    0.6524    0.5528    0.3156   0.04467   0.04558         0
   222/249     1.74G   0.03483   0.02939         0   0.02099   0.08521        53       640    0.3708    0.6733    0.5487    0.3089   0.04496   0.04553         0
   223/249     1.74G   0.03454    0.0294         0   0.02093   0.08486        59       640    0.4065    0.6408    0.5408    0.3044   0.04452   0.04589         0
   224/249     1.74G   0.03385   0.02866         0   0.02113   0.08364        24       640      0.38    0.6649    0.5412    0.3067   0.04452   0.04557         0
   225/249     1.74G   0.03394   0.02753         0    0.0213   0.08278        28       640    0.4185    0.6422    0.5499    0.3147   0.04452   0.04616         0
   226/249     1.74G   0.03388   0.02833         0   0.02127   0.08348        36       640    0.4043    0.6534    0.5562    0.3205   0.04425   0.04589         0
   227/249     1.74G   0.03386   0.02889         0   0.02047   0.08322        31       640    0.4025    0.6419    0.5467    0.3131   0.04457   0.04609         0
   228/249     1.74G   0.03359   0.02714         0   0.02082   0.08155        31       640     0.389    0.6482      0.55    0.3151   0.04457   0.04605         0
   229/249     1.74G   0.03406   0.03037         0    0.0206   0.08503        45       640    0.3944    0.6503    0.5423    0.3072   0.04471   0.04666         0
   230/249     1.74G   0.03367   0.02863         0   0.02089   0.08319        29       640    0.3879    0.6408    0.5501    0.3127   0.04458   0.04679         0
   231/249     1.74G   0.03305   0.02722         0   0.02107   0.08134        35       640    0.4145    0.6429    0.5594    0.3192   0.04421   0.04628         0
   232/249     1.74G   0.03405   0.02878         0    0.0207   0.08352        44       640    0.4132    0.6419    0.5485     0.312   0.04467   0.04693         0
   233/249     1.74G   0.03408   0.02938         0   0.02077   0.08423        31       640    0.4191    0.6356    0.5492    0.3102   0.04463   0.04674         0
   234/249     1.74G   0.03371   0.02876         0   0.02063    0.0831        52       640    0.4137    0.6356    0.5422    0.3085   0.04471   0.04663         0
   235/249     1.74G    0.0338   0.02769         0   0.02072   0.08222        25       640    0.4348    0.6272    0.5437    0.3069   0.04494   0.04703         0
   236/249     1.74G   0.03355   0.02819         0   0.02068   0.08242        37       640    0.3822    0.6555    0.5465    0.3096   0.04475   0.04606         0
   237/249     1.74G   0.03258    0.0266         0   0.02134   0.08052        26       640    0.4044    0.6429    0.5464    0.3124   0.04492   0.04654         0
   238/249     1.74G   0.03396    0.0285         0   0.02048   0.08294        29       640     0.375    0.6639    0.5483    0.3133   0.04442   0.04605         0
   239/249     1.74G   0.03249   0.02701         0   0.02081   0.08032        35       640    0.3861    0.6691    0.5579    0.3183   0.04442    0.0457         0
   240/249     1.74G   0.03333   0.02759         0   0.02091   0.08182        36       640    0.4299    0.6471    0.5583    0.3177   0.04455   0.04648         0
   241/249     1.74G   0.03307   0.02785         0    0.0211   0.08203        39       640    0.4356    0.6492    0.5632    0.3195   0.04442   0.04642         0
   242/249     1.74G   0.03372   0.02886         0   0.02011   0.08269        39       640    0.4088    0.6565    0.5552    0.3187   0.04455   0.04624         0
   243/249     1.74G   0.03301   0.02835         0    0.0204   0.08176        33       640    0.3986    0.6597     0.555    0.3174   0.04478   0.04614         0
   244/249     1.74G   0.03318   0.02791         0   0.02041    0.0815        40       640    0.3717    0.6513    0.5475    0.3119   0.04492   0.04626         0
   245/249     1.74G   0.03284   0.02725         0   0.02071    0.0808        35       640    0.4276    0.6545    0.5526    0.3124    0.0447   0.04631         0
   246/249     1.74G   0.03338   0.02846         0   0.02063   0.08247        25       640    0.4351    0.6377    0.5536    0.3122   0.04522   0.04665         0
   247/249     1.74G   0.03289   0.02818         0   0.02012   0.08119        28       640    0.4252    0.6576    0.5524    0.3147   0.04503   0.04641         0
   248/249     1.74G   0.03256   0.02625         0   0.02015   0.07896        30       640    0.4153    0.6534    0.5519    0.3157   0.04472    0.0465         0
   249/249     1.74G    0.0333   0.02817         0   0.02048   0.08194        39       640    0.3978    0.6555     0.552    0.3152   0.04456   0.04608         0
