     0/499     2.19G      0.11   0.05533         0    0.3206     0.486        52       640    0.1445   0.00112  0.006081  0.001223   0.09761    0.0728         0
     1/499     2.97G   0.09163   0.06437         0    0.1991    0.3551        48       640   0.01484    0.7363   0.06903   0.01213   0.08001    0.1047         0
     2/499     2.97G   0.07637   0.06471         0   0.07554    0.2166        61       640   0.08537    0.6288    0.1922   0.05168    0.0686   0.07642         0
     3/499     2.97G   0.07325   0.06337         0   0.05759    0.1942        51       640     0.111    0.5929    0.1885    0.0406   0.06432   0.07362         0
     4/499     2.97G   0.07112   0.06006         0   0.05065    0.1818        38       640    0.1124    0.6932    0.2977   0.09127   0.06716   0.07105         0
     5/499     2.97G   0.07011     0.058         0   0.04736    0.1755        30       640    0.1301     0.654    0.2605   0.09655   0.06676     0.068         0
     6/499     2.97G   0.07515   0.05668         0   0.05107    0.1829        82       640   0.09841    0.6786    0.2428   0.08421   0.06511   0.06928         0
     7/499     2.97G   0.07378   0.05587         0   0.05036      0.18        41       640    0.1434    0.6025    0.2518   0.09277   0.06293   0.06893         0
     8/499     2.97G   0.06979   0.05448         0    0.0469    0.1712        57       640    0.1821    0.5969    0.2967   0.07509   0.06799   0.06185         0
     9/499     2.97G   0.06924   0.05533         0   0.04601    0.1706        51       640     0.199    0.6224    0.3971    0.1669   0.05837    0.0661         0
    10/499     2.97G    0.0712   0.05604         0   0.04465    0.1719        48       640    0.2104    0.5795      0.35    0.1359      0.06   0.06654         0
    11/499     2.97G   0.06975   0.05587         0   0.04382    0.1694        73       640    0.1643    0.5353    0.2874   0.08652   0.06236   0.07176         0
    12/499     2.97G   0.06681   0.05679         0   0.04324    0.1668        62       640    0.1263    0.7094    0.3368    0.1203   0.05942   0.06509         0
    13/499     2.97G   0.06361   0.05634         0    0.0402    0.1601        51       640    0.1735    0.7055    0.3961     0.127    0.0571   0.06617         0
    14/499     2.97G     0.062   0.05385         0    0.0364    0.1523        38       640    0.1813    0.7508    0.4456    0.1757   0.05405    0.0644         0
    15/499     2.97G   0.05876   0.05526         0   0.03478    0.1488        52       640    0.1847    0.7548    0.4722    0.2265   0.05055   0.06814         0
    16/499     2.97G   0.05804    0.0556         0   0.03451    0.1481        34       640     0.212    0.7805    0.5466    0.2648   0.04895   0.06409         0
    17/499     2.97G   0.05728   0.05572         0   0.03143    0.1444        46       640    0.2172    0.7475    0.4988    0.2126   0.04944   0.06414         0
    18/499     2.97G   0.05515   0.05699         0   0.03228    0.1444        52       640    0.2954    0.7187    0.5678    0.2859   0.04617   0.06513         0
    19/499     2.97G    0.0529    0.0526         0   0.03245    0.1379        49       640    0.2378    0.7475    0.5392    0.1993   0.05119    0.0645         0
    20/499     2.97G   0.05449   0.05159         0    0.0311    0.1372        63       640    0.2987    0.7307    0.5709    0.2868     0.044   0.06529         0
    21/499     2.97G   0.05203   0.05386         0   0.03046    0.1363        42       640    0.2791    0.7697    0.5844    0.2784   0.04571   0.06426         0
    22/499     2.97G   0.04985   0.05259         0   0.03015    0.1326        49       640    0.2526     0.785    0.5842    0.3072   0.04327   0.06598         0
    23/499     2.97G   0.05258   0.05456         0   0.03015    0.1373        52       640    0.2545    0.7699    0.5957    0.2846   0.04855   0.06296         0
    24/499     2.97G   0.04872   0.05397         0   0.02917    0.1319        49       640    0.2874    0.7783    0.6069    0.3343   0.04285   0.06326         0
    25/499     2.97G    0.0492   0.05443         0   0.02864    0.1323        54       640    0.3269    0.7643     0.606    0.3299    0.0413   0.06371         0
    26/499     2.97G   0.04849   0.05325         0   0.02791    0.1297        49       640    0.2928    0.7777    0.6098    0.3326   0.04115   0.06451         0
    27/499     2.97G   0.04668   0.05237         0   0.02761    0.1267        59       640    0.2728    0.7951    0.6162    0.3307   0.04199   0.06426         0
    28/499     2.97G   0.04726    0.0521         0   0.02729    0.1266        44       640    0.3018    0.7794    0.6122    0.3094   0.04422    0.0632         0
    29/499     2.97G   0.04689   0.04985         0   0.02769    0.1244        44       640    0.3443    0.7587    0.6315    0.3493   0.04008   0.06271         0
    30/499     2.97G   0.04623   0.05074         0   0.02733    0.1243        82       640    0.3157    0.7587    0.6177    0.3392   0.04084   0.06486         0
    31/499     2.97G   0.04545   0.05117         0   0.02728    0.1239        40       640    0.3426    0.7682    0.6398    0.3664   0.03966   0.06298         0
    32/499     2.97G   0.04579   0.04993         0   0.02605    0.1218        61       640    0.3134    0.7755    0.6085    0.3129   0.04397   0.06308         0
    33/499     2.97G   0.04642   0.04981         0   0.02728    0.1235        61       640    0.3352    0.7626    0.6201    0.3607    0.0403   0.06238         0
    34/499     2.97G   0.04276   0.05016         0   0.02585    0.1188        84       640    0.2917    0.7811    0.6251    0.3547   0.03999   0.06526         0
    35/499     2.97G   0.04467   0.04904         0   0.02575    0.1195        62       640    0.3424    0.7279    0.6104    0.3531   0.04057   0.06487         0
    36/499     2.97G   0.04371   0.04929         0   0.02614    0.1191        56       640    0.2774    0.7738    0.6021    0.3104   0.04494   0.06589         0
    37/499     2.97G    0.0454   0.05012         0   0.02559    0.1211        84       640    0.3956    0.7223    0.6353    0.3711   0.03936   0.06368         0
    38/499     2.97G   0.04182   0.04876         0   0.02579    0.1164        54       640    0.2621    0.7969    0.6236    0.3656   0.03927   0.06573         0
    39/499     2.97G   0.04415    0.0488         0   0.02535    0.1183        59       640    0.3465    0.7654     0.636    0.3637   0.04027   0.06287         0
    40/499     2.97G   0.04303    0.0471         0   0.02479    0.1149        55       640    0.4044    0.7385    0.6385    0.3749   0.03889   0.06306         0
    41/499     2.97G   0.04317   0.04833         0   0.02517    0.1167        70       640    0.3236    0.7692    0.6324    0.3498    0.0413   0.06348         0
    42/499     2.97G   0.04133   0.04751         0    0.0251    0.1139        38       640    0.2721    0.7962    0.6338    0.3656   0.03939   0.06459         0
    43/499     2.97G   0.04247   0.04848         0   0.02432    0.1153        48       640    0.3583    0.7676      0.65      0.38   0.03831   0.06378         0
    44/499     2.97G   0.04155   0.04779         0   0.02406    0.1134        52       640    0.3297    0.7811    0.6395    0.3627   0.03986   0.06437         0
    45/499     2.97G   0.04144   0.04606         0   0.02376    0.1113        65       640    0.2964      0.79    0.6423     0.378   0.03891   0.06392         0
    46/499     2.97G   0.04106   0.04692         0   0.02396    0.1119        68       640    0.3327    0.7783    0.6417    0.3702   0.03884   0.06393         0
    47/499     2.97G   0.03967   0.04599         0   0.02401    0.1097        49       640    0.3997    0.7452     0.646    0.3869   0.03761   0.06345         0
    48/499     2.97G   0.04045   0.04629         0   0.02352    0.1103        52       640    0.3311    0.7699    0.6341    0.3617   0.04011   0.06375         0
    49/499     2.97G   0.04009   0.04713         0   0.02419    0.1114        40       640    0.3505     0.748    0.6079     0.359   0.03985    0.0655         0
    50/499     2.97G   0.03964   0.04498         0   0.02331    0.1079        64       640    0.3108    0.7928    0.6446    0.3807   0.03829   0.06457         0
    51/499     2.97G   0.03954   0.04544         0   0.02389    0.1089        38       640    0.3106    0.7514    0.5946     0.345   0.04025   0.06717         0
    52/499     2.97G    0.0389   0.04466         0   0.02307    0.1066        54       640    0.3973    0.7228    0.6293     0.381   0.03797   0.06436         0
    53/499     2.97G   0.03907   0.04369         0   0.02328     0.106        57       640    0.3931    0.7581    0.6481    0.3756   0.03861   0.06389         0
    54/499     2.97G   0.03785   0.04464         0    0.0229    0.1054        44       640    0.3282    0.7839    0.6473    0.3835   0.03752   0.06466         0
    55/499     2.97G   0.03758   0.04473         0   0.02288    0.1052        58       640     0.389    0.7333    0.6433    0.3854   0.03803   0.06482         0
    56/499     2.97G    0.0383   0.04447         0   0.02297    0.1057        57       640    0.3611    0.7598    0.6389     0.375   0.03839   0.06489         0
    57/499     2.97G   0.03727   0.04256         0   0.02227    0.1021        54       640     0.308    0.7727    0.6371     0.384   0.03885   0.06526         0
    58/499     2.97G   0.03756   0.04292         0   0.02237    0.1028        54       640    0.3711    0.7559    0.6406    0.3817   0.03771   0.06414         0
    59/499     2.97G   0.03759   0.04302         0   0.02323    0.1038        36       640    0.3275    0.7839    0.6421    0.3786   0.03831   0.06486         0
    60/499     2.97G   0.03814   0.04452         0   0.02249    0.1051        94       640    0.4022    0.7576    0.6499    0.3927   0.03707   0.06339         0
    61/499     2.97G    0.0372   0.04279         0   0.02197     0.102        45       640     0.389    0.7318    0.6342    0.3638    0.0398   0.06497         0
    62/499     2.97G   0.03646   0.04462         0    0.0219     0.103        59       640    0.3352    0.7772      0.63    0.3714   0.03824    0.0664         0
    63/499     2.97G     0.037   0.04221         0   0.02179     0.101        68       640    0.4187    0.7447    0.6553    0.4055   0.03665   0.06423         0
    64/499     2.97G   0.03701   0.04209         0   0.02222    0.1013        56       640    0.3909    0.7419     0.632    0.3727   0.03855   0.06549         0
    65/499     2.97G   0.03629   0.04337         0   0.02218    0.1018        52       640    0.3994    0.7195    0.6347    0.3827   0.03778   0.06604         0
    66/499     2.97G    0.0352    0.0435         0   0.02188    0.1006        36       640    0.4267    0.7133    0.6352    0.3884   0.03786   0.06582         0
    67/499     2.97G   0.03584   0.04205         0   0.02199   0.09989        41       640    0.4163    0.7497    0.6504    0.4005   0.03605   0.06421         0
    68/499     2.97G   0.03673   0.04239         0   0.02089       0.1        43       640     0.377    0.7452    0.6339    0.3787   0.03783   0.06506         0
    69/499     2.97G   0.03653   0.04123         0   0.02111   0.09887        40       640    0.3787    0.7497    0.6378    0.3883   0.03733   0.06417         0
    70/499     2.97G   0.03504   0.04143         0   0.02124   0.09772        58       640    0.3982    0.7502    0.6543    0.4011   0.03672   0.06459         0
    71/499     2.97G   0.03638   0.04159         0    0.0216   0.09957        79       640    0.3663    0.7391    0.6314    0.3843   0.03781   0.06585         0
    72/499     2.97G   0.03572   0.04167         0   0.02146   0.09885        48       640    0.4522    0.7083    0.6376    0.3928   0.03758   0.06597         0
    73/499     2.97G   0.03479   0.04165         0   0.02113   0.09757        64       640    0.3743    0.7128    0.6072    0.3634   0.03869   0.06773         0
    74/499     2.97G   0.03462   0.04201         0   0.02097    0.0976        37       640    0.3988    0.7279    0.6297    0.3822   0.03751   0.06635         0
    75/499     2.97G   0.03432   0.04091         0   0.02071   0.09594        75       640    0.4174    0.7542    0.6604    0.4054   0.03688   0.06417         0
    76/499     2.97G   0.03442   0.04142         0   0.02123   0.09707        67       640    0.4306    0.7374    0.6554     0.402   0.03655    0.0643         0
    77/499     2.97G   0.03543   0.03998         0   0.02061   0.09601        34       640    0.3956    0.7228    0.6269    0.3735   0.03824   0.06652         0
    78/499     2.97G   0.03428   0.04036         0   0.02085   0.09549        59       640    0.4472    0.7027    0.6276    0.3878   0.03755   0.06693         0
    79/499     2.97G   0.03468   0.03969         0   0.02049   0.09485        46       640    0.4086    0.7212    0.6334    0.3832   0.03804   0.06681         0
    80/499     2.97G   0.03442   0.04066         0   0.02092   0.09601        40       640    0.4568    0.7391    0.6584    0.4063   0.03614   0.06489         0
    81/499     2.97G   0.03349   0.04083         0   0.02037   0.09469        71       640    0.4266    0.7318    0.6439    0.3965   0.03692    0.0663         0
    82/499     2.97G   0.03401   0.03934         0   0.02029   0.09365        34       640    0.4364    0.7312     0.655    0.4006   0.03685   0.06466         0
    83/499     2.97G   0.03435   0.03926         0   0.02004   0.09364        60       640    0.4879     0.673    0.6336    0.3853   0.03745   0.06842         0
    84/499     2.97G   0.03404   0.03942         0   0.01994    0.0934        52       640    0.3515    0.7358    0.6263    0.3897    0.0373   0.06586         0
    85/499     2.97G   0.03387   0.04033         0   0.02037   0.09457        47       640    0.4455    0.7447    0.6656    0.4083   0.03629    0.0656         0
    86/499     2.97G   0.03324   0.03956         0   0.01984   0.09265        39       640    0.4527    0.7284    0.6412    0.3985    0.0368   0.06652         0
    87/499     2.97G   0.03432   0.03871         0   0.02097   0.09401        57       640      0.37     0.734     0.624    0.3783   0.03822   0.06648         0
    88/499     2.97G    0.0331   0.03866         0   0.02041   0.09217        50       640    0.4407    0.7262    0.6441    0.3968   0.03667   0.06558         0
    89/499     2.97G   0.03339   0.03859         0   0.01975   0.09172        73       640    0.4488    0.7178    0.6254    0.3852   0.03723   0.06639         0
    90/499     2.97G   0.03266   0.03807         0   0.01988    0.0906        36       640    0.4214     0.732    0.6443    0.3984   0.03658     0.066         0
    91/499     2.97G   0.03277   0.03843         0   0.01973   0.09093        41       640    0.4377    0.7032    0.6282    0.3823   0.03774   0.06776         0
    92/499     2.97G   0.03287   0.03848         0   0.01995    0.0913        43       640    0.4522    0.7352    0.6554     0.407   0.03645   0.06515         0
    93/499     2.97G   0.03294   0.03794         0   0.01962    0.0905        53       640    0.4058     0.748    0.6488    0.4088   0.03586   0.06507         0
    94/499     2.97G   0.03203   0.03875         0   0.01973   0.09051        50       640    0.5045    0.7016    0.6462    0.4066   0.03633   0.06863         0
    95/499     2.97G    0.0326   0.03727         0   0.01947   0.08933        42       640    0.4815    0.7066    0.6486    0.4097   0.03579   0.06666         0
    96/499     2.97G   0.03239   0.03781         0   0.01953   0.08973        36       640    0.4115     0.752    0.6492    0.4082   0.03651   0.06552         0
    97/499     2.97G   0.03159   0.03718         0   0.01966   0.08842        31       640    0.4837    0.6954    0.6273    0.3876   0.03719   0.06969         0
    98/499     2.97G   0.03194     0.037         0   0.01911   0.08804        39       640    0.4499    0.6954    0.6237    0.3898   0.03737   0.06906         0
    99/499     2.97G   0.03129    0.0372         0   0.01904   0.08753        70       640    0.4358     0.729    0.6407    0.4032   0.03597     0.066         0
   100/499     2.97G   0.03073   0.03591         0   0.01938   0.08602        47       640    0.4927    0.7072    0.6402    0.4095   0.03592   0.06777         0
   101/499     2.97G   0.03133   0.03652         0   0.01949   0.08734        47       640    0.4417    0.7385    0.6401    0.3987   0.03675   0.06648         0
   102/499     2.97G   0.03233   0.03749         0   0.01951   0.08933        65       640    0.4645    0.6948    0.6257    0.3911   0.03728   0.07034         0
   103/499     2.97G   0.03145   0.03654         0   0.01897   0.08696       126       640    0.4951    0.6904    0.6356    0.4022   0.03591   0.06954         0
   104/499     2.97G   0.03171   0.03571         0   0.01972   0.08713        37       640    0.5174    0.6937    0.6495    0.4085   0.03613   0.06909         0
   105/499     2.97G    0.0305   0.03518         0   0.01906   0.08474        40       640    0.4347    0.7391    0.6398     0.403   0.03599   0.06639         0
   106/499     2.97G   0.03081   0.03561         0   0.01935   0.08577        65       640    0.4616    0.7032    0.6344    0.3999   0.03596   0.06808         0
   107/499     2.97G    0.0313   0.03543         0   0.01913   0.08586        41       640    0.5157    0.6982    0.6483    0.4063   0.03603   0.06903         0
   108/499     2.97G   0.03056   0.03596         0   0.01909   0.08561        56       640    0.4683     0.729    0.6523    0.4117   0.03543   0.06687         0
   109/499     2.97G   0.03075   0.03675         0   0.01924   0.08674        80       640    0.4929    0.7063    0.6431    0.4088   0.03655   0.06803         0
   110/499     2.97G   0.03043   0.03501         0   0.01872   0.08417        62       640    0.5201    0.6786    0.6341    0.4068   0.03591   0.06981         0
   111/499     2.97G   0.03019   0.03589         0   0.01882   0.08489        65       640     0.482    0.6908    0.6313    0.4023   0.03628   0.06968         0
   112/499     2.97G   0.03016   0.03617         0   0.01828   0.08461        76       640    0.5465    0.6562    0.6375    0.4044   0.03587    0.0719         0
   113/499     2.97G   0.03009   0.03524         0   0.01899   0.08432        50       640    0.4572    0.7296    0.6503     0.415   0.03519   0.06685         0
   114/499     2.97G   0.03035   0.03574         0    0.0188   0.08488        38       640    0.4851    0.7105    0.6473    0.4077   0.03562   0.06811         0
   115/499     2.97G   0.03055   0.03571         0   0.01856   0.08482        46       640    0.5207     0.663    0.6189      0.39   0.03645   0.07266         0
   116/499     2.97G   0.03078   0.03574         0   0.01826   0.08478        63       640    0.4716     0.724    0.6481    0.4145   0.03495   0.06765         0
   117/499     2.97G   0.02959    0.0345         0    0.0184   0.08249        43       640    0.4668    0.7156    0.6542    0.4132    0.0356   0.06671         0
   118/499     2.97G   0.02938   0.03492         0   0.01836   0.08267        93       640    0.5118    0.7066    0.6468    0.4133   0.03556   0.06858         0
   119/499     2.97G   0.02934   0.03502         0   0.01874    0.0831        54       640    0.5175    0.6848    0.6474    0.4098   0.03581   0.07163         0
   120/499     2.97G   0.03014   0.03507         0   0.01841   0.08362        47       640    0.4841    0.7156    0.6375    0.4116   0.03519   0.06847         0
   121/499     2.97G   0.03019   0.03457         0    0.0182   0.08296        66       640    0.4727    0.7223    0.6536    0.4172   0.03554   0.06648         0
   122/499     2.97G   0.02918   0.03503         0   0.01849    0.0827        28       640    0.5347    0.7032    0.6536    0.4144   0.03568   0.06933         0
   123/499     2.97G   0.02849   0.03382         0   0.01846   0.08077        51       640    0.4751    0.6865    0.6127     0.386   0.03725   0.07137         0
   124/499     2.97G   0.02949    0.0346         0   0.01836   0.08245        60       640     0.521      0.69    0.6404    0.4141   0.03526   0.07038         0
   125/499     2.97G   0.02969   0.03425         0   0.01775   0.08169        73       640    0.4973    0.6969    0.6426    0.4072   0.03608   0.06947         0
   126/499     2.97G    0.0286   0.03421         0   0.01842   0.08123        78       640    0.5009     0.715    0.6532    0.4217   0.03518   0.06889         0
   127/499     2.97G   0.02869    0.0336         0    0.0179   0.08019        34       640    0.5737     0.659    0.6457    0.4192   0.03565   0.07285         0
   128/499     2.97G   0.02841   0.03311         0   0.01812   0.07963        57       640    0.5372    0.6669    0.6352    0.4129   0.03596   0.07253         0
   129/499     2.97G   0.02873   0.03416         0   0.01779   0.08068        60       640    0.5237    0.6792    0.6461    0.4173   0.03544   0.07168         0
   130/499     2.97G   0.02938   0.03459         0   0.01756   0.08152        52       640    0.4642    0.7189    0.6433    0.4118   0.03578   0.06776         0
   131/499     2.97G   0.02865   0.03333         0   0.01776   0.07974        38       640    0.5303    0.6859    0.6405     0.413    0.0357   0.06993         0
   132/499     2.97G    0.0292   0.03251         0   0.01786   0.07957        37       640     0.479     0.696    0.6354    0.4054   0.03619   0.06898         0
   133/499     2.97G   0.02869    0.0335         0   0.01813   0.08032        52       640    0.5164    0.6887    0.6435    0.4167   0.03545   0.07055         0
   134/499     2.97G   0.02911   0.03402         0   0.01756   0.08068        38       640    0.4958    0.7088     0.647     0.414    0.0354   0.06865         0
   135/499     2.97G   0.02859   0.03294         0   0.01792   0.07945        64       640     0.582    0.6641    0.6423    0.4176   0.03511    0.0749         0
   136/499     2.97G   0.02947   0.03458         0   0.01741   0.08146        47       640    0.5366    0.6948    0.6471    0.4185   0.03548   0.07024         0
   137/499     2.97G   0.02855   0.03271         0   0.01755    0.0788        49       640    0.5813    0.6544     0.631    0.4001   0.03615   0.07535         0
   138/499     2.97G   0.02915   0.03259         0   0.01761   0.07935        41       640    0.5384     0.687    0.6468    0.4202   0.03562   0.06948         0
   139/499     2.97G   0.02775   0.03282         0   0.01759   0.07816        56       640    0.5003    0.7032    0.6525    0.4221     0.035   0.06945         0
   140/499     2.97G    0.0285   0.03283         0   0.01739   0.07871        40       640    0.5209    0.6892    0.6488    0.4231   0.03505   0.06906         0
   141/499     2.97G   0.02816   0.03125         0   0.01733   0.07674        36       640    0.5743     0.659    0.6436    0.4193   0.03492   0.07359         0
   142/499     2.97G   0.02783   0.03177         0   0.01761    0.0772        50       640    0.5534    0.6856    0.6447    0.4189   0.03495   0.07259         0
   143/499     2.97G   0.02838   0.03327         0   0.01734   0.07899        75       640    0.5113    0.6853    0.6391    0.4108   0.03595   0.07149         0
   144/499     2.97G   0.02737   0.03232         0   0.01737   0.07706        93       640    0.4993    0.7133    0.6532    0.4241   0.03514   0.06923         0
   145/499     2.97G   0.02774   0.03142         0   0.01737   0.07653        75       640    0.5603    0.6904    0.6555    0.4265   0.03508   0.07082         0
   146/499     2.97G   0.02754   0.03264         0   0.01716   0.07734        65       640    0.5161    0.6843    0.6294    0.4068   0.03602   0.07227         0
   147/499     2.97G   0.02765   0.03213         0   0.01712    0.0769        33       640    0.5419    0.6635    0.6217    0.4009   0.03636   0.07459         0
   148/499     2.97G   0.02822   0.03102         0   0.01765   0.07689        49       640    0.5589    0.6579    0.6444     0.414   0.03538   0.07385         0
   149/499     2.97G   0.02699   0.03167         0   0.01685   0.07552        61       640    0.5438    0.6764    0.6386    0.4126   0.03512   0.07193         0
   150/499     2.97G   0.02661   0.03093         0   0.01686    0.0744        50       640    0.5689    0.6624    0.6336    0.4105   0.03552   0.07606         0
   151/499     2.97G    0.0274   0.03168         0   0.01705   0.07613        37       640    0.5677    0.6633    0.6422    0.4194   0.03563   0.07455         0
   152/499     2.97G   0.02762   0.03072         0   0.01701   0.07535        45       640    0.5554     0.687     0.651     0.427   0.03529   0.07087         0
   153/499     2.97G   0.02773   0.03094         0   0.01703    0.0757        53       640    0.5528    0.6713    0.6369    0.4147   0.03551   0.07363         0
   154/499     2.97G   0.02698   0.03183         0    0.0167    0.0755        49       640    0.5688    0.6753     0.652    0.4217   0.03544   0.07289         0
   155/499     2.97G   0.02762   0.03203         0   0.01668   0.07634        59       640    0.5745    0.6702    0.6468    0.4189   0.03575   0.07266         0
   156/499     2.97G   0.02782   0.03227         0   0.01712   0.07722        47       640    0.5646    0.6461    0.6251    0.4028   0.03575   0.07667         0
   157/499     2.97G    0.0264   0.03058         0    0.0171   0.07408        45       640    0.5696    0.6655    0.6467    0.4226   0.03509   0.07347         0
   158/499     2.97G   0.02666   0.03103         0    0.0169   0.07458        43       640    0.5232     0.696    0.6562    0.4284   0.03483   0.07027         0
   159/499     2.97G   0.02685   0.03081         0   0.01665   0.07431        61       640    0.5244    0.6775    0.6471    0.4196   0.03561   0.07244         0
   160/499     2.97G   0.02677   0.03174         0   0.01626   0.07477        48       640    0.5617    0.6585    0.6421    0.4189   0.03527   0.07449         0
   161/499     2.97G   0.02723   0.03133         0   0.01649   0.07505        80       640    0.5684    0.6831    0.6537    0.4262   0.03469   0.07296         0
   162/499     2.97G   0.02548   0.03061         0   0.01665   0.07273        39       640    0.5767    0.6786    0.6548    0.4295   0.03438   0.07272         0
   163/499     2.97G   0.02582   0.03128         0   0.01636   0.07345        57       640    0.5466    0.6781    0.6458    0.4208   0.03491   0.07275         0
   164/499     2.97G   0.02581    0.0308         0   0.01651   0.07312        77       640    0.5852    0.6741    0.6537    0.4269   0.03456    0.0737         0
   165/499     2.97G   0.02631   0.03096         0   0.01648   0.07375        37       640    0.5569    0.6937     0.655    0.4277   0.03469   0.07193         0
   166/499     2.97G   0.02612   0.03152         0   0.01606    0.0737        73       640    0.5936     0.626    0.6293    0.4169   0.03591   0.07792         0
   167/499     2.97G   0.02588   0.02991         0   0.01638   0.07217        53       640    0.5741    0.6758    0.6604    0.4355   0.03474   0.07232         0
   168/499     2.97G   0.02685   0.03146         0   0.01645   0.07476        41       640    0.5435    0.6898    0.6536      0.43   0.03467   0.07153         0
   169/499     2.97G     0.026   0.03099         0   0.01626   0.07325        54       640    0.5279    0.6825    0.6414    0.4231   0.03516   0.07214         0
   170/499     2.97G   0.02713   0.03123         0    0.0166   0.07496        53       640    0.5915    0.6501     0.645    0.4171   0.03556   0.07542         0
   171/499     2.97G   0.02638   0.03026         0   0.01604   0.07268        55       640    0.5951    0.6439    0.6455    0.4292    0.0345   0.07574         0
   172/499     2.97G   0.02597   0.03085         0   0.01594   0.07276        39       640    0.5919    0.6551    0.6492    0.4299   0.03474   0.07484         0
   173/499     2.97G   0.02587   0.03009         0   0.01598   0.07194        50       640    0.5702    0.6657    0.6475     0.424   0.03504   0.07349         0
   174/499     2.97G   0.02532   0.03008         0   0.01638   0.07178        35       640    0.5486    0.6825    0.6533    0.4296   0.03409    0.0739         0
   175/499     2.97G    0.0253   0.02973         0   0.01581   0.07085        45       640    0.5959    0.6562    0.6499      0.43   0.03415   0.07461         0
   176/499     2.97G   0.02587    0.0294         0   0.01605   0.07132        47       640    0.5685    0.6816    0.6524     0.426   0.03479   0.07267         0
   177/499     2.97G   0.02597   0.02975         0   0.01573   0.07145        65       640    0.6182    0.6495    0.6473    0.4276   0.03483   0.07668         0
   178/499     2.97G   0.02605   0.03015         0   0.01585   0.07204        42       640    0.5823    0.6652    0.6454    0.4204   0.03479    0.0753         0
   179/499     2.97G    0.0249   0.03003         0   0.01558   0.07051        56       640    0.5896    0.6747     0.653    0.4262   0.03466   0.07429         0
   180/499     2.97G   0.02569   0.02994         0   0.01614   0.07178        47       640    0.5944    0.6663    0.6503    0.4274   0.03476    0.0747         0
   181/499     2.97G   0.02437   0.02902         0     0.016   0.06939        50       640    0.6082    0.6551    0.6539     0.432   0.03429   0.07559         0
   182/499     2.97G   0.02465   0.02928         0   0.01569   0.06963        35       640    0.6051    0.6537    0.6357    0.4198   0.03483   0.07789         0
   183/499     2.97G   0.02516   0.03005         0   0.01564   0.07086        38       640    0.6022    0.6417    0.6438     0.424   0.03487   0.07802         0
   184/499     2.97G   0.02512   0.02961         0   0.01554   0.07026        57       640    0.5881    0.6635    0.6462    0.4261   0.03465   0.07586         0
   185/499     2.97G     0.026   0.02978         0   0.01566   0.07144        50       640    0.5992    0.6769     0.658    0.4325   0.03398   0.07285         0
   186/499     2.97G   0.02432   0.02885         0    0.0159   0.06907        52       640    0.5836    0.6674    0.6537    0.4327   0.03419   0.07515         0
   187/499     2.97G   0.02565   0.02986         0    0.0158   0.07132        53       640    0.5817    0.6517    0.6395    0.4203    0.0349   0.07705         0
   188/499     2.97G   0.02525   0.02889         0   0.01579   0.06992        60       640     0.588    0.6663    0.6445     0.424   0.03496   0.07587         0
   189/499     2.97G     0.025   0.02969         0   0.01551    0.0702        33       640    0.5908     0.679    0.6583    0.4342   0.03407   0.07324         0
   190/499     2.97G   0.02404   0.02977         0   0.01528   0.06909        45       640    0.5753    0.6769    0.6486      0.43   0.03422   0.07404         0
   191/499     2.97G   0.02418   0.02946         0   0.01517   0.06881        48       640    0.6079    0.6523    0.6436    0.4219   0.03489   0.07879         0
   192/499     2.97G   0.02523   0.02869         0   0.01547    0.0694        46       640    0.5934    0.6607    0.6442    0.4211   0.03459   0.07597         0
   193/499     2.97G   0.02499   0.02855         0   0.01556   0.06911        44       640    0.6081    0.6674     0.654    0.4333   0.03406   0.07675         0
   194/499     2.97G   0.02417   0.02866         0   0.01529   0.06812        43       640    0.6198    0.6512    0.6484    0.4283    0.0345    0.0779         0
   195/499     2.97G   0.02511   0.02928         0    0.0153    0.0697        55       640    0.6109    0.6488     0.643    0.4215    0.0346   0.07826         0
   196/499     2.97G   0.02404    0.0276         0   0.01515   0.06679        26       640     0.603    0.6467    0.6503    0.4286   0.03449    0.0777         0
   197/499     2.97G   0.02408   0.02935         0   0.01511   0.06854        52       640    0.6147    0.6652    0.6522    0.4285   0.03462   0.07552         0
   198/499     2.97G   0.02511   0.02884         0    0.0154   0.06935        42       640     0.608    0.6641    0.6589    0.4322   0.03447   0.07508         0
   199/499     2.97G   0.02487   0.02914         0    0.0151   0.06911        53       640    0.5955    0.6644    0.6534    0.4316   0.03416   0.07567         0
   200/499     2.97G    0.0247   0.02786         0   0.01519   0.06775        52       640    0.5994    0.6576    0.6529    0.4316    0.0345   0.07536         0
   201/499     2.97G   0.02447   0.02927         0   0.01529   0.06904        81       640    0.6414    0.6517     0.654    0.4309   0.03431   0.07785         0
   202/499     2.97G   0.02393   0.02847         0   0.01518   0.06758        67       640    0.6044    0.6652    0.6557    0.4323    0.0344   0.07499         0
   203/499     2.97G   0.02373    0.0277         0   0.01498   0.06641        57       640    0.6243     0.654    0.6453    0.4282   0.03455   0.07784         0
   204/499     2.97G    0.0246   0.02905         0   0.01482   0.06847        51       640    0.5935    0.6777     0.652    0.4354   0.03406   0.07502         0
   205/499     2.97G   0.02402    0.0276         0   0.01511   0.06673        59       640    0.5707     0.673     0.641    0.4299   0.03468   0.07567         0
   206/499     2.97G   0.02439   0.02818         0   0.01493   0.06751        35       640     0.648    0.6277    0.6421    0.4296   0.03459   0.08041         0
   207/499     2.97G   0.02379   0.02747         0   0.01479   0.06605        60       640    0.6117    0.6551    0.6575    0.4393   0.03451   0.07608         0
   208/499     2.97G   0.02433   0.02758         0   0.01519   0.06711        44       640    0.6142    0.6478    0.6532    0.4317   0.03455   0.07723         0
   209/499     2.97G   0.02357   0.02798         0   0.01469   0.06624        39       640    0.6189    0.6512     0.649    0.4333   0.03426   0.07809         0
   210/499     2.97G   0.02398   0.02736         0   0.01505   0.06639        59       640    0.6335    0.6557    0.6547    0.4366    0.0344    0.0763         0
   211/499     2.97G   0.02316   0.02765         0     0.015   0.06581        48       640    0.6343    0.6523    0.6526    0.4347   0.03453    0.0768         0
   212/499     2.97G   0.02363   0.02765         0   0.01492    0.0662        68       640    0.6203    0.6557    0.6514    0.4362   0.03452   0.07664         0
   213/499     2.97G   0.02328   0.02779         0   0.01498   0.06605        42       640    0.6569    0.6411    0.6505    0.4349   0.03466   0.07797         0
   214/499     2.97G   0.02379   0.02783         0   0.01475   0.06636        62       640    0.6415    0.6532    0.6597    0.4342   0.03433   0.07708         0
   215/499     2.97G   0.02348   0.02847         0   0.01448   0.06642        36       640    0.6421    0.6635    0.6543    0.4365   0.03441   0.07756         0
   216/499     2.97G   0.02309   0.02738         0   0.01477   0.06523        52       640    0.6327    0.6637    0.6566     0.438   0.03449   0.07638         0
   217/499     2.97G   0.02309   0.02728         0   0.01501   0.06539        47       640    0.6396     0.652     0.655    0.4402   0.03443   0.07753         0
   218/499     2.97G   0.02339   0.02805         0   0.01472   0.06616        61       640    0.6138    0.6786    0.6637    0.4443   0.03395   0.07637         0
   219/499     2.97G   0.02264   0.02719         0   0.01451   0.06434        51       640    0.5962     0.687    0.6604    0.4443   0.03384   0.07506         0
   220/499     2.97G    0.0241   0.02854         0   0.01471   0.06735        39       640    0.6607    0.6221    0.6417    0.4316   0.03463   0.08219         0
   221/499     2.97G    0.0242   0.02898         0   0.01454   0.06773        34       640    0.6548    0.6448    0.6548    0.4344   0.03403   0.07989         0
   222/499     2.97G    0.0229   0.02806         0   0.01454   0.06549        56       640     0.616    0.6701     0.659     0.441   0.03397   0.07756         0
   223/499     2.97G   0.02372   0.02765         0   0.01459   0.06596        40       640    0.6432    0.6506    0.6529    0.4377   0.03405   0.07842         0
   224/499     2.97G    0.0232   0.02809         0   0.01452   0.06581        57       640    0.6489    0.6411    0.6454    0.4375   0.03382   0.07956         0
   225/499     2.97G   0.02338   0.02714         0   0.01467   0.06519        57       640    0.6278    0.6526    0.6471     0.437   0.03415   0.07866         0
   226/499     2.97G   0.02273   0.02769         0   0.01444   0.06486        58       640    0.6531    0.6421    0.6506    0.4387   0.03424   0.07972         0
   227/499     2.97G   0.02263   0.02611         0   0.01441   0.06315        41       640    0.6745    0.6293    0.6461    0.4334   0.03431   0.08152         0
   228/499     2.97G    0.0226   0.02662         0   0.01463   0.06384        33       640    0.6289    0.6467    0.6484    0.4325   0.03433   0.07944         0
   229/499     2.97G   0.02294    0.0265         0   0.01455   0.06399        48       640    0.6405    0.6433    0.6423    0.4293   0.03443   0.08119         0
   230/499     2.97G   0.02298   0.02693         0   0.01447   0.06438        45       640     0.642    0.6433    0.6497    0.4349   0.03407   0.08016         0
   231/499     2.97G   0.02303   0.02754         0   0.01445   0.06502        59       640    0.6436      0.64    0.6435    0.4295   0.03437   0.08063         0
   232/499     2.97G   0.02323   0.02719         0   0.01429   0.06471        52       640    0.6472    0.6445    0.6411    0.4306    0.0343    0.0813         0
   233/499     2.97G   0.02219   0.02674         0   0.01415   0.06307        58       640    0.6292    0.6601    0.6515    0.4388   0.03384     0.079         0
   234/499     2.97G   0.02274    0.0264         0   0.01423   0.06336        49       640    0.6324    0.6585    0.6581    0.4399   0.03429   0.07877         0
   235/499     2.97G   0.02273   0.02705         0   0.01428   0.06406        42       640    0.6491    0.6461    0.6474    0.4363   0.03451   0.08026         0
   236/499     2.97G    0.0224   0.02692         0   0.01425   0.06357        89       640    0.6487    0.6433    0.6456    0.4301   0.03433   0.08074         0
   237/499     2.97G    0.0228   0.02658         0   0.01437   0.06375        62       640    0.6425    0.6451    0.6467    0.4313    0.0345   0.07942         0
   238/499     2.97G   0.02226   0.02542         0   0.01412    0.0618        49       640    0.6522    0.6629    0.6513     0.436   0.03424   0.07827         0
   239/499     2.97G   0.02287   0.02783         0   0.01445   0.06515        70       640    0.6606    0.6405    0.6466    0.4344    0.0343    0.0813         0
   240/499     2.97G   0.02242   0.02673         0   0.01426   0.06341        48       640    0.6203    0.6613    0.6443    0.4317    0.0344   0.07915         0
   241/499     2.97G   0.02231   0.02656         0   0.01415   0.06302        52       640    0.6392    0.6529    0.6438    0.4303   0.03447   0.08041         0
   242/499     2.97G   0.02303   0.02788         0   0.01408     0.065        60       640    0.6257    0.6473    0.6438     0.433   0.03427   0.07944         0
   243/499     2.97G    0.0219   0.02678         0   0.01408   0.06277        55       640    0.6581    0.6501    0.6522    0.4368   0.03404   0.08001         0
   244/499     2.97G   0.02238   0.02741         0    0.0141   0.06389        55       640    0.6201    0.6585    0.6529      0.44   0.03381   0.07851         0
   245/499     2.97G   0.02231   0.02668         0   0.01391    0.0629        60       640    0.6466    0.6405    0.6495    0.4353   0.03429   0.08013         0
   246/499     2.97G    0.0224   0.02636         0    0.0142   0.06295        98       640    0.6446    0.6512    0.6484    0.4342   0.03409   0.07989         0
   247/499     2.97G   0.02252   0.02676         0   0.01418   0.06346        31       640    0.6614    0.6353    0.6414     0.427   0.03449   0.08278         0
   248/499     2.97G   0.02236   0.02596         0   0.01425   0.06258        31       640     0.648    0.6333    0.6401    0.4276   0.03438   0.08194         0
   249/499     2.97G   0.02193   0.02637         0   0.01421    0.0625        55       640    0.6129    0.6585    0.6439    0.4297   0.03404   0.07864         0
   250/499     2.97G   0.02202   0.02641         0     0.014   0.06242        37       640    0.6566    0.6337    0.6429    0.4319   0.03432   0.08222         0
   251/499     2.97G   0.02176    0.0265         0   0.01381   0.06207        68       640    0.6595    0.6333    0.6437    0.4333   0.03411   0.08208         0
   252/499     2.97G   0.02158   0.02631         0   0.01388   0.06178       115       640    0.6436    0.6383    0.6415    0.4316   0.03416   0.08147         0
   253/499     2.97G   0.02156   0.02533         0   0.01383   0.06072        72       640    0.6375     0.631    0.6329    0.4234   0.03451   0.08322         0
   254/499     2.97G   0.02179   0.02552         0   0.01399    0.0613        94       640    0.6522    0.6301    0.6359    0.4243   0.03488   0.08345         0
   255/499     2.97G    0.0215   0.02558         0   0.01396   0.06105        41       640    0.6218    0.6683    0.6562    0.4385   0.03382   0.07904         0
   256/499     2.97G   0.02252   0.02758         0   0.01384   0.06394        97       640    0.6386    0.6501    0.6518    0.4404   0.03388   0.08036         0
   257/499     2.97G   0.02176   0.02601         0   0.01371   0.06148        39       640    0.6525    0.6433    0.6555    0.4436   0.03391   0.08081         0
   258/499     2.97G   0.02125   0.02612         0   0.01389   0.06126        48       640     0.659    0.6433    0.6537    0.4416   0.03427   0.08157         0
   259/499     2.97G   0.02125   0.02504         0   0.01371      0.06        51       640    0.6482    0.6669    0.6607    0.4456    0.0339   0.07955         0
   260/499     2.97G    0.0214   0.02588         0   0.01386   0.06114        48       640     0.652    0.6478    0.6535    0.4426   0.03404   0.08165         0
   261/499     2.97G   0.02122   0.02572         0   0.01377   0.06071        36       640    0.6567    0.6436    0.6509    0.4411   0.03395    0.0805         0
   262/499     2.97G   0.02173   0.02559         0   0.01376   0.06108        79       640    0.6478    0.6394    0.6502    0.4345   0.03416   0.08088         0
   263/499     2.97G   0.02201   0.02586         0   0.01362   0.06149        42       640    0.6677    0.6495    0.6606     0.444   0.03392   0.08029         0
   264/499     2.97G   0.02156   0.02592         0   0.01371   0.06119        35       640    0.6653    0.6523     0.652    0.4378   0.03402   0.08068         0
   265/499     2.97G   0.02141   0.02586         0   0.01377   0.06104        31       640     0.671    0.6543    0.6567    0.4401   0.03396   0.08114         0
   266/499     2.97G   0.02105   0.02527         0   0.01367   0.05998        53       640    0.6695    0.6408    0.6514    0.4385   0.03398   0.08244         0
   267/499     2.97G   0.02097   0.02616         0   0.01369   0.06082        80       640    0.6407    0.6366    0.6469    0.4372   0.03421   0.08242         0
   268/499     2.97G   0.02144   0.02517         0    0.0137   0.06032        61       640    0.6463    0.6473    0.6516     0.442   0.03385   0.08046         0
   269/499     2.97G   0.02075   0.02555         0    0.0136    0.0599        66       640    0.6465    0.6344    0.6434    0.4368   0.03418    0.0822         0
   270/499     2.97G   0.02108   0.02545         0   0.01348   0.06001        41       640    0.6641    0.6344    0.6491    0.4399   0.03437    0.0832         0
   271/499     2.97G   0.02171   0.02641         0   0.01359   0.06172        94       640    0.6567    0.6428    0.6458    0.4382   0.03449   0.08175         0
   272/499     2.97G   0.02132   0.02585         0   0.01373    0.0609        58       640    0.6613    0.6422    0.6487    0.4374   0.03445   0.08162         0
   273/499     2.97G   0.02125   0.02553         0   0.01345   0.06023        46       640    0.6646    0.6392    0.6438    0.4392   0.03427   0.08278         0
   274/499     2.97G   0.02105   0.02501         0   0.01354    0.0596        62       640     0.661     0.654    0.6584    0.4465   0.03425   0.08049         0
   275/499     2.97G   0.02109    0.0252         0    0.0134    0.0597        61       640    0.6663    0.6486    0.6573    0.4441   0.03436   0.08062         0
   276/499     2.97G   0.02143   0.02599         0   0.01337   0.06078        59       640    0.6576    0.6545    0.6626    0.4477   0.03381   0.08008         0
   277/499     2.97G    0.0206   0.02508         0   0.01347   0.05914        38       640    0.6699    0.6411    0.6522    0.4422   0.03389   0.08184         0
   278/499     2.97G   0.02094   0.02532         0   0.01335   0.05961        48       640    0.6613    0.6551    0.6541    0.4424   0.03371   0.08045         0
   279/499     2.97G    0.0206   0.02409         0   0.01326   0.05796        45       640    0.6564    0.6523    0.6559    0.4438   0.03352   0.07973         0
   280/499     2.97G   0.02097   0.02597         0   0.01314   0.06009        61       640     0.669    0.6406    0.6435    0.4362   0.03407   0.08222         0
   281/499     2.97G   0.02097   0.02508         0   0.01333   0.05938        44       640    0.6791    0.6338    0.6461    0.4363   0.03434    0.0831         0
   282/499     2.97G   0.02028    0.0245         0   0.01323   0.05801        37       640    0.6553    0.6535    0.6519    0.4421   0.03408   0.08113         0
   283/499     2.97G   0.02069    0.0245         0   0.01339   0.05858        32       640    0.6626    0.6506    0.6536    0.4422   0.03394   0.08173         0
   284/499     2.97G   0.02083   0.02574         0   0.01327   0.05985        36       640    0.6474    0.6568    0.6641    0.4515   0.03354   0.07996         0
   285/499     2.97G   0.02081    0.0255         0   0.01333   0.05963        39       640    0.6661    0.6479    0.6576    0.4483   0.03382   0.08082         0
   286/499     2.97G   0.02069   0.02472         0   0.01322   0.05863        59       640    0.6587    0.6501    0.6555    0.4462   0.03391   0.08027         0
   287/499     2.97G   0.02049   0.02486         0   0.01313   0.05848        53       640    0.6679    0.6551    0.6559    0.4447   0.03395   0.08018         0
   288/499     2.97G   0.01995   0.02393         0   0.01328   0.05716        48       640    0.6657    0.6456    0.6509    0.4408   0.03406   0.08139         0
   289/499     2.97G   0.02018   0.02494         0   0.01337   0.05848        47       640    0.6827    0.6456     0.656    0.4446   0.03398   0.08179         0
   290/499     2.97G    0.0201    0.0242         0   0.01322   0.05751        38       640    0.6709    0.6478    0.6562    0.4461   0.03397   0.08099         0
   291/499     2.97G   0.02013   0.02472         0   0.01327   0.05812        72       640    0.6492    0.6641     0.658    0.4509   0.03384   0.07997         0
   292/499     2.97G    0.0201    0.0248         0   0.01319   0.05809        35       640     0.649    0.6484    0.6547    0.4494   0.03362   0.08131         0
   293/499     2.97G    0.0205   0.02544         0    0.0129   0.05883        53       640    0.6815     0.631    0.6476    0.4396   0.03406   0.08421         0
   294/499     2.97G   0.01959   0.02447         0   0.01298   0.05704        46       640     0.675    0.6411    0.6532    0.4427   0.03401   0.08302         0
   295/499     2.97G   0.01974   0.02368         0   0.01309   0.05652        34       640    0.6684    0.6461    0.6554    0.4457   0.03373   0.08188         0
   296/499     2.97G   0.02028   0.02424         0   0.01302   0.05753        57       640    0.6834    0.6392    0.6522    0.4431   0.03369   0.08298         0
   297/499     2.97G   0.01993   0.02475         0     0.013   0.05768        59       640    0.6779    0.6457    0.6569     0.447    0.0336   0.08202         0
   298/499     2.97G   0.01977   0.02411         0   0.01324   0.05712        51       640    0.6594    0.6551    0.6623    0.4504   0.03363   0.08071         0
   299/499     2.97G   0.01998   0.02408         0    0.0131   0.05716        45       640    0.6681    0.6495    0.6624    0.4498   0.03366    0.0823         0
   300/499     2.97G   0.02029   0.02442         0   0.01297   0.05768        34       640    0.6737    0.6467    0.6602    0.4511   0.03368   0.08231         0
   301/499     2.97G   0.01949   0.02434         0   0.01271   0.05653        61       640    0.6803    0.6461    0.6623    0.4511   0.03359   0.08236         0
   302/499     2.97G   0.01979   0.02382         0   0.01307   0.05669        38       640    0.6802    0.6467    0.6556    0.4493   0.03371   0.08313         0
   303/499     2.97G   0.01955   0.02413         0   0.01294   0.05662        70       640     0.674    0.6534    0.6539    0.4447   0.03381   0.08285         0
   304/499     2.97G   0.01966   0.02358         0   0.01296   0.05621        41       640    0.6654    0.6439    0.6482    0.4433   0.03366   0.08376         0
   305/499     2.97G   0.01959   0.02274         0   0.01313   0.05546        50       640    0.6607    0.6517    0.6561    0.4508   0.03349     0.082         0
   306/499     2.97G   0.01951   0.02521         0   0.01286   0.05757        60       640    0.6661    0.6333    0.6513    0.4473    0.0336   0.08314         0
   307/499     2.97G   0.01924   0.02325         0   0.01289   0.05538        32       640    0.6765    0.6366    0.6574    0.4504   0.03371   0.08292         0
   308/499     2.97G    0.0194   0.02392         0   0.01282   0.05614        36       640    0.6633    0.6456    0.6605     0.451   0.03363   0.08161         0
   309/499     2.97G   0.01909    0.0226         0   0.01296   0.05464        41       640    0.6811    0.6473    0.6537     0.448   0.03369   0.08244         0
   310/499     2.97G   0.01921   0.02332         0   0.01267   0.05519        43       640    0.6764    0.6496    0.6555    0.4494   0.03347   0.08205         0
   311/499     2.97G   0.01923   0.02443         0   0.01268   0.05633        52       640    0.6757     0.645    0.6535    0.4476   0.03337   0.08305         0
   312/499     2.97G   0.01904   0.02275         0   0.01279   0.05458        46       640    0.6674    0.6512     0.653    0.4443    0.0336   0.08263         0
   313/499     2.97G   0.01946   0.02322         0   0.01276   0.05544        47       640    0.6712    0.6501    0.6541    0.4478   0.03364   0.08164         0
   314/499     2.97G   0.01994   0.02393         0   0.01288   0.05674        49       640    0.6863    0.6358    0.6522    0.4473   0.03381   0.08364         0
   315/499     2.97G   0.01935   0.02353         0   0.01266   0.05553        66       640    0.6865    0.6315     0.647    0.4437   0.03392   0.08457         0
   316/499     2.97G   0.01932   0.02347         0   0.01253   0.05532        57       640    0.6824      0.64    0.6505    0.4456   0.03403   0.08403         0
   317/499     2.97G   0.01924   0.02354         0   0.01273   0.05552        62       640    0.6828    0.6256    0.6469     0.442   0.03404   0.08546         0
   318/499     2.97G   0.01935   0.02355         0   0.01259    0.0555        73       640      0.68    0.6338    0.6485    0.4434   0.03382   0.08398         0
   319/499     2.97G   0.01893   0.02295         0   0.01266   0.05455        41       640    0.6761    0.6372     0.646    0.4429   0.03378   0.08312         0
   320/499     2.97G   0.01915    0.0232         0   0.01262   0.05497        45       640    0.6806    0.6443    0.6531    0.4465   0.03367    0.0823         0
   321/499     2.97G   0.01895   0.02284         0   0.01275   0.05454        32       640    0.6735    0.6417    0.6512    0.4478   0.03373   0.08262         0
   322/499     2.97G   0.01833   0.02209         0   0.01245   0.05288        38       640    0.6965    0.6377    0.6517    0.4462   0.03387   0.08428         0
   323/499     2.97G   0.01962   0.02391         0   0.01252   0.05605        59       640    0.6926      0.64    0.6497    0.4456   0.03376   0.08463         0
   324/499     2.97G   0.01919   0.02319         0   0.01264   0.05502        38       640    0.6775    0.6467    0.6513    0.4469   0.03371   0.08318         0
   325/499     2.97G   0.01848    0.0221         0   0.01264   0.05322        33       640    0.6704    0.6484    0.6562    0.4514   0.03353    0.0823         0
   326/499     2.97G   0.01872    0.0227         0   0.01252   0.05395        50       640    0.6725    0.6531     0.655    0.4483   0.03361   0.08279         0
   327/499     2.97G   0.01902   0.02233         0   0.01269   0.05404        49       640    0.6759    0.6505     0.653     0.447    0.0337   0.08318         0
   328/499     2.97G   0.01925   0.02373         0   0.01251   0.05549        46       640    0.6796    0.6529    0.6521    0.4474   0.03365   0.08273         0
   329/499     2.97G   0.01881   0.02305         0   0.01233   0.05419        40       640    0.6896    0.6428    0.6501    0.4464   0.03369   0.08418         0
   330/499     2.97G   0.01894   0.02344         0    0.0127   0.05508        32       640    0.6677    0.6501    0.6535    0.4471   0.03361   0.08261         0
   331/499     2.97G   0.01929   0.02343         0    0.0125   0.05523        54       640    0.6772     0.646    0.6547    0.4478   0.03364   0.08297         0
   332/499     2.97G   0.01884   0.02337         0   0.01237   0.05457        41       640    0.6851    0.6372    0.6498    0.4436   0.03379   0.08415         0
   333/499     2.97G   0.01903   0.02365         0   0.01234   0.05501        31       640    0.6844    0.6386    0.6514    0.4481    0.0336   0.08432         0
   334/499     2.97G   0.01861   0.02232         0   0.01236   0.05329        51       640    0.6839    0.6389    0.6526    0.4487   0.03347   0.08406         0
   335/499     2.97G   0.01878   0.02289         0   0.01252   0.05419        37       640    0.6837    0.6361    0.6525    0.4474   0.03358   0.08493         0
   336/499     2.97G   0.01907   0.02395         0   0.01222   0.05523        39       640    0.6934    0.6407    0.6543    0.4469   0.03351   0.08457         0
   337/499     2.97G   0.01848    0.0225         0   0.01229   0.05326        66       640    0.6933    0.6418    0.6532    0.4474   0.03341   0.08389         0
   338/499     2.97G   0.01862    0.0227         0    0.0125   0.05382        46       640    0.6894    0.6433    0.6518    0.4479   0.03341   0.08345         0
   339/499     2.97G   0.01849   0.02327         0   0.01222   0.05399        60       640    0.6853     0.645    0.6531    0.4472   0.03363   0.08401         0
   340/499     2.97G   0.01876    0.0231         0   0.01246   0.05433        51       640    0.6883    0.6467    0.6553    0.4479   0.03366   0.08389         0
   341/499     2.97G   0.01823   0.02232         0   0.01238   0.05292        44       640    0.6861    0.6445     0.659    0.4491   0.03375   0.08419         0
   342/499     2.97G   0.01823   0.02203         0   0.01226   0.05252        59       640    0.6707    0.6338    0.6538    0.4492    0.0338   0.08392         0
   343/499     2.97G   0.01861   0.02301         0   0.01243   0.05405        44       640    0.6778    0.6417    0.6559    0.4495   0.03358   0.08371         0
   344/499     2.97G   0.01823   0.02205         0   0.01239   0.05266        35       640    0.6925    0.6361    0.6575    0.4512   0.03344   0.08406         0
   345/499     2.97G   0.01848   0.02241         0   0.01221    0.0531        45       640    0.6998    0.6361    0.6585    0.4519    0.0335    0.0846         0
   346/499     2.97G   0.01837   0.02325         0   0.01215   0.05377        34       640    0.7007    0.6398    0.6595    0.4525   0.03342   0.08441         0
   347/499     2.97G   0.01861   0.02265         0   0.01213   0.05339        74       640    0.6983    0.6428    0.6593    0.4554   0.03336   0.08404         0
   348/499     2.97G   0.01854   0.02232         0   0.01229   0.05316        46       640    0.6966    0.6445    0.6591    0.4554   0.03333   0.08385         0
   349/499     2.97G   0.01795   0.02236         0    0.0121   0.05241        50       640    0.6858    0.6461    0.6615    0.4554   0.03336   0.08323         0
   350/499     2.97G   0.01814   0.02184         0   0.01224   0.05222        51       640    0.6873    0.6433    0.6599    0.4538   0.03335   0.08336         0
   351/499     2.97G   0.01831   0.02267         0     0.012   0.05297        60       640    0.6771    0.6534    0.6566    0.4534   0.03342   0.08274         0
   352/499     2.97G     0.018   0.02199         0   0.01213   0.05212        66       640    0.6865    0.6529    0.6555    0.4508   0.03355   0.08326         0
   353/499     2.97G   0.01811   0.02294         0   0.01204   0.05309        55       640    0.6903    0.6506    0.6567    0.4511   0.03359   0.08341         0
   354/499     2.97G   0.01805   0.02201         0   0.01212   0.05218        53       640    0.6939    0.6411    0.6519    0.4479   0.03357   0.08423         0
   355/499     2.97G   0.01798    0.0224         0   0.01227   0.05264        45       640    0.6964    0.6459    0.6523    0.4496   0.03349   0.08419         0
   356/499     2.97G    0.0182   0.02337         0   0.01207   0.05364        67       640    0.6905     0.645      0.65     0.449   0.03349   0.08395         0
   357/499     2.97G   0.01832   0.02247         0   0.01203   0.05282        59       640    0.6984    0.6405    0.6526    0.4485   0.03363   0.08475         0
   358/499     2.97G   0.01817   0.02217         0   0.01234   0.05268        41       640    0.7038    0.6467    0.6524    0.4487   0.03357   0.08466         0
   359/499     2.97G     0.018   0.02166         0   0.01206   0.05172        60       640     0.691    0.6467    0.6563    0.4513   0.03352   0.08416         0
   360/499     2.97G   0.01814   0.02229         0   0.01208   0.05252        62       640    0.6959      0.64    0.6528      0.45   0.03358   0.08537         0
   361/499     2.97G   0.01808   0.02213         0   0.01223   0.05243        50       640    0.6979    0.6443    0.6518    0.4494   0.03351   0.08525         0
   362/499     2.97G   0.01818    0.0222         0   0.01201   0.05239        47       640    0.6956    0.6478    0.6532    0.4502   0.03345   0.08503         0
   363/499     2.97G   0.01765   0.02208         0   0.01185   0.05158        47       640    0.6901    0.6433    0.6513    0.4494   0.03356   0.08525         0
   364/499     2.97G   0.01813   0.02301         0   0.01194   0.05308        65       640     0.682    0.6433    0.6493    0.4488    0.0337   0.08541         0
   365/499     2.97G   0.01805    0.0223         0   0.01218   0.05253        49       640    0.6952    0.6383    0.6488    0.4472   0.03371   0.08628         0
   366/499     2.97G   0.01771   0.02217         0   0.01195   0.05183        65       640    0.6995     0.631    0.6464     0.448   0.03368   0.08722         0
   367/499     2.97G   0.01766   0.02152         0   0.01192    0.0511        33       640    0.7002    0.6288    0.6455     0.446   0.03378   0.08785         0
   368/499     2.97G   0.01788   0.02239         0    0.0121   0.05237        49       640    0.7011    0.6293    0.6477    0.4443   0.03378    0.0878         0
   369/499     2.97G   0.01768     0.022         0   0.01195   0.05163        56       640    0.6914    0.6311    0.6515    0.4475   0.03381   0.08721         0
   370/499     2.97G   0.01788    0.0222         0   0.01186   0.05195        46       640    0.6975    0.6372    0.6519    0.4467   0.03383     0.087         0
   371/499     2.97G   0.01774   0.02197         0   0.01203   0.05175        59       640    0.6906    0.6325    0.6492    0.4463    0.0338   0.08689         0
   372/499     2.97G   0.01757   0.02189         0   0.01191   0.05137        84       640    0.6931    0.6321    0.6469    0.4447   0.03393   0.08703         0
   373/499     2.97G    0.0181   0.02234         0   0.01193   0.05237        53       640    0.6956    0.6299    0.6484    0.4449   0.03392   0.08734         0
   374/499     2.97G   0.01766   0.02168         0   0.01189   0.05123        66       640    0.7007    0.6288    0.6461    0.4428     0.034   0.08835         0
   375/499     2.97G   0.01754   0.02165         0   0.01163   0.05082        70       640    0.6939    0.6277    0.6473     0.446   0.03402   0.08802         0
   376/499     2.97G   0.01775   0.02149         0   0.01191   0.05115        49       640     0.697    0.6265    0.6484    0.4463   0.03396   0.08792         0
   377/499     2.97G   0.01801   0.02255         0   0.01195   0.05251        67       640    0.7012    0.6269    0.6462    0.4446   0.03402   0.08804         0
   378/499     2.97G    0.0171   0.02137         0   0.01196   0.05043        57       640    0.7037    0.6237    0.6436    0.4443   0.03403   0.08856         0
   379/499     2.97G   0.01773   0.02215         0   0.01201   0.05188        48       640    0.7004    0.6244    0.6459    0.4463   0.03403   0.08853         0
   380/499     2.97G    0.0177   0.02174         0   0.01208   0.05152        52       640     0.704    0.6246    0.6469    0.4482   0.03393   0.08814         0
   381/499     2.97G   0.01788   0.02159         0     0.012   0.05147        36       640    0.7034    0.6282    0.6507    0.4475   0.03381   0.08744         0
   382/499     2.97G   0.01738   0.02084         0   0.01181   0.05003        41       640     0.709    0.6247    0.6513    0.4487   0.03381   0.08746         0
   383/499     2.97G   0.01753   0.02161         0   0.01199   0.05113        29       640    0.7091    0.6266    0.6506    0.4478   0.03385   0.08771         0
   384/499     2.97G   0.01737   0.02094         0   0.01188    0.0502        56       640     0.714    0.6271    0.6527    0.4489   0.03386   0.08753         0
   385/499     2.97G    0.0175   0.02162         0   0.01195   0.05108        49       640    0.7136    0.6243    0.6503    0.4489   0.03399   0.08795         0
   386/499     2.97G   0.01698   0.02124         0   0.01165   0.04987        35       640    0.7115    0.6221    0.6515    0.4496   0.03391   0.08819         0
   387/499     2.97G   0.01746   0.02246         0   0.01163   0.05155        44       640    0.7098    0.6282    0.6545    0.4518   0.03372   0.08754         0
   388/499     2.97G   0.01721   0.02141         0   0.01173   0.05034        54       640    0.7088    0.6288    0.6531     0.452    0.0337   0.08743         0
   389/499     2.97G   0.01773   0.02195         0   0.01169   0.05137        44       640    0.7005    0.6226    0.6523    0.4511   0.03372   0.08741         0
   390/499     2.97G   0.01724   0.02101         0   0.01166   0.04991        32       640    0.6998    0.6243    0.6525    0.4499    0.0338   0.08738         0
   391/499     2.97G   0.01741   0.02169         0   0.01166   0.05076        75       640     0.705    0.6209    0.6525    0.4502   0.03375   0.08743         0
   392/499     2.97G   0.01704   0.02122         0   0.01159   0.04985        46       640    0.7052    0.6265    0.6522    0.4513    0.0337    0.0872         0
   393/499     2.97G   0.01742   0.02191         0   0.01157    0.0509        50       640    0.7045    0.6265    0.6511      0.45   0.03375   0.08701         0
   394/499     2.97G   0.01713   0.02098         0   0.01178    0.0499        67       640    0.7062    0.6272    0.6497    0.4477   0.03377   0.08739         0
   395/499     2.97G   0.01683   0.02093         0   0.01149   0.04924        50       640     0.708    0.6277    0.6518    0.4492   0.03366   0.08759         0
   396/499     2.97G    0.0176   0.02102         0   0.01186   0.05049        75       640    0.7127    0.6249    0.6519    0.4501   0.03362   0.08769         0
   397/499     2.97G   0.01691   0.02113         0   0.01167    0.0497        59       640    0.7119    0.6249    0.6484     0.449   0.03364    0.0885         0
   398/499     2.97G   0.01709   0.02112         0   0.01137   0.04958        55       640    0.7223    0.6265    0.6495    0.4479   0.03364   0.08859         0
   399/499     2.97G   0.01706   0.02117         0   0.01165   0.04988        54       640    0.7132    0.6355    0.6518    0.4504   0.03357    0.0878         0
   400/499     2.97G   0.01732   0.02138         0   0.01154   0.05024        59       640    0.7094    0.6356    0.6539    0.4509   0.03351   0.08726         0
   401/499     2.97G   0.01726   0.02123         0   0.01152   0.05001        63       640    0.7121     0.633    0.6553    0.4516   0.03354   0.08791         0
   402/499     2.97G   0.01748   0.02129         0   0.01169   0.05045        53       640    0.7089    0.6237    0.6551    0.4523   0.03357   0.08817         0
   403/499     2.97G   0.01673   0.02097         0   0.01175   0.04944        30       640    0.7034    0.6249    0.6527    0.4516   0.03364   0.08856         0
   404/499     2.97G   0.01704   0.02116         0   0.01164   0.04985        50       640    0.7063    0.6207    0.6519      0.45   0.03378   0.08955         0
   405/499     2.97G   0.01704   0.02081         0   0.01142   0.04927        43       640    0.7029    0.6226    0.6523    0.4517   0.03374   0.08964         0
   406/499     2.97G     0.017   0.02091         0   0.01156   0.04947        63       640    0.7027    0.6221    0.6526    0.4525   0.03365   0.08936         0
   407/499     2.97G   0.01702   0.02182         0   0.01146    0.0503        42       640    0.7025    0.6232    0.6532    0.4509   0.03364   0.08887         0
   408/499     2.97G   0.01722   0.02129         0   0.01152   0.05003        71       640    0.7054    0.6221    0.6528    0.4515   0.03365    0.0888         0
   409/499     2.97G   0.01681   0.02104         0   0.01127   0.04912        73       640    0.7065    0.6268    0.6516    0.4515   0.03365   0.08835         0
   410/499     2.97G   0.01721    0.0221         0   0.01145   0.05076        71       640    0.7066     0.626    0.6516    0.4505   0.03375   0.08845         0
   411/499     2.97G   0.01689   0.02087         0   0.01144    0.0492        40       640    0.7059    0.6249    0.6507    0.4493    0.0338   0.08873         0
   412/499     2.97G   0.01672    0.0213         0   0.01147   0.04949        40       640    0.7013     0.623    0.6496     0.448   0.03373   0.08863         0
   413/499     2.97G   0.01685   0.02113         0    0.0115   0.04949        29       640    0.7073    0.6243    0.6475    0.4507    0.0337   0.08917         0
   414/499     2.97G   0.01707   0.02079         0   0.01163   0.04949        41       640    0.7151    0.6153    0.6478    0.4509   0.03363    0.0897         0
   415/499     2.97G   0.01661   0.02141         0   0.01129   0.04931        68       640    0.7132    0.6193    0.6496    0.4517   0.03356   0.08929         0
   416/499     2.97G   0.01697   0.02135         0   0.01133   0.04965        73       640    0.7147    0.6187    0.6487    0.4519   0.03353    0.0892         0
   417/499     2.97G   0.01676   0.02089         0   0.01146   0.04911        48       640    0.7063    0.6176     0.649    0.4504   0.03355   0.08918         0
   418/499     2.97G   0.01666   0.02088         0   0.01131   0.04885        44       640    0.7112    0.6209    0.6479    0.4512   0.03364   0.08971         0
   419/499     2.97G    0.0165   0.01971         0    0.0115    0.0477        34       640    0.7122    0.6165    0.6477    0.4502   0.03371   0.09042         0
   420/499     2.97G   0.01681   0.02073         0   0.01136   0.04891        80       640    0.7123    0.6197     0.645    0.4488   0.03378   0.09035         0
   421/499     2.97G   0.01692   0.02072         0   0.01146   0.04911        69       640    0.7139    0.6148    0.6443    0.4496    0.0338   0.09024         0
   422/499     2.97G   0.01673   0.02087         0   0.01143   0.04903        32       640    0.7057    0.6153    0.6443    0.4481   0.03378   0.08969         0
   423/499     2.97G   0.01664   0.02121         0   0.01126   0.04911        46       640    0.7068    0.6195    0.6457    0.4487   0.03373   0.08943         0
   424/499     2.97G   0.01653   0.02049         0   0.01145   0.04848        52       640    0.7091    0.6197    0.6468    0.4479    0.0337   0.08933         0
   425/499     2.97G   0.01665   0.02029         0   0.01129   0.04823        48       640    0.7157    0.6215    0.6479    0.4483   0.03371   0.08938         0
   426/499     2.97G   0.01655   0.02071         0   0.01154   0.04881        66       640    0.7077    0.6182    0.6453    0.4483   0.03375   0.08991         0
   427/499     2.97G   0.01648   0.02019         0   0.01137   0.04805        45       640    0.7118    0.6168    0.6439    0.4468   0.03379   0.09032         0
   428/499     2.97G   0.01686    0.0213         0   0.01121   0.04937        71       640    0.7131    0.6206    0.6445    0.4488   0.03372   0.09018         0
   429/499     2.97G   0.01643   0.02017         0   0.01135   0.04794        48       640    0.7148    0.6189    0.6454    0.4488   0.03374   0.09083         0
   430/499     2.97G   0.01656   0.02032         0   0.01131   0.04819        50       640    0.7168    0.6125    0.6467    0.4489   0.03375   0.09153         0
   431/499     2.97G    0.0169   0.02079         0   0.01136   0.04905        68       640    0.7079    0.6137    0.6456     0.448   0.03376   0.09113         0
   432/499     2.97G   0.01661   0.02081         0   0.01149   0.04891        61       640      0.71    0.6169    0.6438    0.4477   0.03373   0.09099         0
   433/499     2.97G   0.01636   0.02062         0   0.01121   0.04818        35       640    0.7106     0.616    0.6415     0.446   0.03375   0.09077         0
   434/499     2.97G   0.01644   0.02012         0   0.01125   0.04782        35       640    0.7136    0.6153    0.6415    0.4461   0.03378   0.09108         0
   435/499     2.97G   0.01632   0.02086         0   0.01134   0.04853        51       640    0.7117    0.6159    0.6433    0.4468   0.03374   0.09095         0
   436/499     2.97G   0.01639   0.02014         0   0.01137    0.0479        57       640    0.7132    0.6148    0.6432    0.4473   0.03376   0.09118         0
   437/499     2.97G   0.01653   0.02023         0   0.01151   0.04828        33       640    0.7144    0.6148    0.6455    0.4479   0.03377   0.09129         0
   438/499     2.97G   0.01666   0.02082         0   0.01116   0.04865        38       640    0.7187    0.6159    0.6434    0.4485   0.03378   0.09158         0
   439/499     2.97G   0.01669   0.02062         0   0.01123   0.04853        36       640    0.7129    0.6176    0.6423    0.4485   0.03374   0.09134         0
   440/499     2.97G   0.01659   0.02086         0   0.01143   0.04888        58       640    0.7145    0.6204    0.6437    0.4479   0.03378   0.09141         0
   441/499     2.97G   0.01646   0.02013         0   0.01121   0.04779        51       640    0.7122    0.6165    0.6433    0.4472   0.03373   0.09148         0
   442/499     2.97G   0.01661   0.02128         0   0.01121   0.04909        56       640    0.7145    0.6159    0.6444     0.448   0.03374   0.09183         0
   443/499     2.97G   0.01652   0.02029         0   0.01133   0.04814        47       640    0.7157    0.6131    0.6424    0.4465    0.0338   0.09222         0
   444/499     2.97G   0.01647   0.02076         0    0.0113   0.04852        48       640    0.7169    0.6097    0.6412    0.4461   0.03384   0.09222         0
   445/499     2.97G   0.01659   0.02032         0   0.01135   0.04827        51       640    0.7179    0.6083    0.6407    0.4473   0.03385   0.09235         0
   446/499     2.97G   0.01607   0.02015         0   0.01136   0.04758        35       640     0.719    0.6117    0.6398    0.4482   0.03383   0.09225         0
   447/499     2.97G   0.01632   0.02071         0   0.01123   0.04825        68       640    0.7154     0.612      0.64    0.4477   0.03383    0.0921         0
   448/499     2.97G    0.0165   0.02101         0   0.01119   0.04871        65       640    0.7153    0.6125    0.6389    0.4467   0.03389   0.09197         0
   449/499     2.97G   0.01648   0.02049         0   0.01119   0.04816        50       640    0.7186    0.6109    0.6393    0.4463   0.03389   0.09184         0
   450/499     2.97G   0.01647   0.02042         0   0.01128   0.04817        40       640    0.7206     0.612    0.6412    0.4473    0.0339    0.0917         0
   451/499     2.97G   0.01635   0.02009         0   0.01127   0.04771        45       640    0.7152    0.6125    0.6404    0.4481   0.03387   0.09117         0
   452/499     2.97G   0.01634   0.02026         0   0.01101   0.04762        40       640    0.7112    0.6114    0.6401    0.4474   0.03396   0.09147         0
   453/499     2.97G   0.01641   0.02043         0   0.01115   0.04799        40       640    0.7157    0.6069    0.6396    0.4471   0.03406   0.09199         0
   454/499     2.97G    0.0165    0.0203         0   0.01122   0.04802        54       640    0.7127    0.6069     0.639    0.4466   0.03407   0.09204         0
   455/499     2.97G   0.01581   0.01947         0   0.01126   0.04653        46       640    0.7178    0.6111    0.6396    0.4448   0.03409   0.09201         0
   456/499     2.97G   0.01615   0.01992         0   0.01127   0.04734        45       640    0.7222    0.6109      0.64    0.4454   0.03403   0.09217         0
   457/499     2.97G   0.01629   0.02032         0   0.01108   0.04769        62       640    0.7282    0.6097    0.6404    0.4467   0.03401   0.09216         0
   458/499     2.97G   0.01596   0.02026         0    0.0111   0.04732        43       640    0.7286    0.6109    0.6398    0.4468   0.03399   0.09219         0
   459/499     2.97G   0.01633    0.0204         0   0.01109   0.04782        69       640    0.7293    0.6109    0.6397    0.4466   0.03399   0.09223         0
   460/499     2.97G    0.0159   0.01974         0   0.01111   0.04674        53       640    0.7325    0.6087    0.6398    0.4473   0.03397    0.0925         0
   461/499     2.97G    0.0164   0.02055         0   0.01104   0.04799        40       640    0.7312    0.6079    0.6399    0.4478   0.03395   0.09259         0
   462/499     2.97G   0.01636   0.02037         0   0.01107    0.0478        48       640    0.7294    0.6097    0.6407    0.4481   0.03387   0.09203         0
   463/499     2.97G   0.01599   0.01963         0   0.01108    0.0467        42       640    0.7316     0.612    0.6407    0.4476   0.03387   0.09188         0
   464/499     2.97G   0.01593   0.01985         0   0.01091   0.04669        44       640    0.7282    0.6137    0.6417     0.448   0.03385   0.09155         0
   465/499     2.97G   0.01614   0.02032         0   0.01104   0.04751        62       640    0.7311     0.617    0.6436    0.4482   0.03386   0.09128         0
   466/499     2.97G   0.01595   0.01933         0   0.01105   0.04633        47       640    0.7312    0.6125    0.6415    0.4471   0.03392     0.092         0
   467/499     2.97G   0.01606   0.01943         0   0.01111    0.0466        61       640    0.7325    0.6131    0.6425     0.445   0.03397    0.0923         0
   468/499     2.97G    0.0164   0.02036         0   0.01103   0.04778        60       640    0.7313     0.614    0.6424    0.4454   0.03398   0.09231         0
   469/499     2.97G   0.01607   0.02008         0   0.01119   0.04734        39       640    0.7311    0.6153    0.6433    0.4454   0.03394   0.09219         0
   470/499     2.97G   0.01614   0.02051         0   0.01112   0.04777        39       640    0.7301    0.6148    0.6426     0.446   0.03391   0.09231         0
   471/499     2.97G   0.01606   0.01994         0   0.01103   0.04703        62       640    0.7295    0.6148    0.6432    0.4463   0.03391   0.09255         0
   472/499     2.97G   0.01599    0.0201         0   0.01101    0.0471        42       640    0.7297    0.6137    0.6433    0.4465   0.03395    0.0925         0
   473/499     2.97G   0.01641   0.02106         0   0.01113    0.0486        42       640    0.7274    0.6127    0.6411    0.4464   0.03396   0.09239         0
   474/499     2.97G   0.01614    0.0204         0   0.01112   0.04767        43       640    0.7247    0.6142    0.6413    0.4474    0.0339   0.09213         0
   475/499     2.97G   0.01557   0.01856         0   0.01104   0.04517        44       640    0.7271    0.6125    0.6411    0.4462   0.03389   0.09235         0
   476/499     2.97G   0.01611   0.01999         0   0.01117   0.04727        30       640     0.727    0.6137    0.6436    0.4484   0.03389   0.09225         0
   477/499     2.97G   0.01627   0.02073         0   0.01111   0.04811        71       640    0.7281     0.617    0.6429    0.4485   0.03389   0.09233         0
   478/499     2.97G   0.01575   0.02018         0   0.01094   0.04687        53       640    0.7223    0.6137    0.6436    0.4487   0.03388   0.09239         0
   479/499     2.97G   0.01602   0.01994         0   0.01106   0.04702        43       640    0.7256    0.6137     0.644    0.4479   0.03387   0.09246         0
   480/499     2.97G   0.01604   0.01966         0   0.01108   0.04678        73       640    0.7244    0.6137    0.6433    0.4474   0.03389   0.09256         0
   481/499     2.97G   0.01596   0.01952         0   0.01102   0.04649        52       640    0.7248    0.6104    0.6425    0.4466   0.03391   0.09236         0
   482/499     2.97G   0.01581   0.02011         0    0.0109   0.04682        57       640    0.7285    0.6153    0.6433    0.4479   0.03391   0.09208         0
   483/499     2.97G   0.01616   0.02041         0   0.01111   0.04767        61       640    0.7268    0.6148    0.6435    0.4481   0.03392   0.09186         0
   484/499     2.97G   0.01554   0.01986         0   0.01093   0.04632        35       640    0.7289     0.617    0.6432    0.4482   0.03394   0.09176         0
   485/499     2.97G   0.01605   0.02003         0   0.01084   0.04692        74       640    0.7256    0.6193    0.6464     0.449    0.0339   0.09145         0
   486/499     2.97G   0.01589   0.01978         0   0.01097   0.04664        61       640    0.7283     0.617    0.6458    0.4491   0.03392   0.09194         0
   487/499     2.97G   0.01614   0.02031         0   0.01097   0.04742        42       640    0.7272    0.6149    0.6468     0.449   0.03391   0.09189         0
   488/499     2.97G   0.01588   0.01972         0   0.01091    0.0465        39       640    0.7333    0.6176    0.6462    0.4492   0.03393   0.09199         0
   489/499     2.97G   0.01595   0.02012         0   0.01092   0.04699        38       640    0.7334    0.6159    0.6451    0.4481   0.03394   0.09204         0
   490/499     2.97G   0.01611   0.02058         0   0.01108   0.04778        50       640    0.7345    0.6131     0.645    0.4491   0.03394   0.09244         0
   491/499     2.97G     0.016   0.01992         0   0.01102   0.04694        67       640    0.7339    0.6115    0.6443    0.4487   0.03395   0.09272         0
   492/499     2.97G   0.01559   0.01963         0   0.01105   0.04626        34       640    0.7306    0.6118    0.6447    0.4486   0.03397   0.09271         0
   493/499     2.97G   0.01621   0.01998         0   0.01117   0.04736        62       640    0.7346    0.6086    0.6427    0.4484   0.03398   0.09292         0
   494/499     2.97G   0.01581   0.02016         0   0.01094   0.04691        53       640    0.7332    0.6109     0.642    0.4485   0.03398   0.09275         0
   495/499     2.97G   0.01567   0.01965         0    0.0109   0.04622        36       640    0.7337    0.6069    0.6406    0.4477   0.03403   0.09309         0
   496/499     2.97G   0.01593   0.02004         0   0.01097   0.04695        38       640    0.7341    0.6058    0.6396    0.4471   0.03405    0.0933         0
   497/499     2.97G   0.01585   0.01924         0   0.01094   0.04602        43       640    0.7342    0.6086    0.6406    0.4457   0.03404   0.09316         0
   498/499     2.97G    0.0156   0.01919         0   0.01108   0.04587        38       640    0.7342    0.6081    0.6425    0.4467   0.03401   0.09275         0
   499/499     2.97G   0.01584   0.01978         0   0.01114   0.04675        65       640    0.7314    0.6083     0.643    0.4468   0.03401    0.0926         0
