    21/249     3.77G   0.06771   0.04711         0   0.04348    0.1583        38       640    0.2256    0.2136    0.1482    0.0414   0.06785   0.05273         0
    22/249     3.71G   0.06716   0.04628         0   0.04471    0.1582        26       640    0.1293    0.4419    0.1776   0.05668   0.06428   0.05333         0
    23/249     3.71G   0.06643   0.04557         0   0.04303     0.155        29       640    0.2522    0.3969    0.2616   0.08775   0.06147    0.0519         0
    24/249     3.71G   0.06634   0.04448         0   0.04254    0.1534        27       640    0.2147    0.3284    0.1929   0.05778    0.0652   0.05229         0
    25/249     3.71G   0.06612   0.04735         0   0.04055     0.154        35       640    0.2401    0.3916    0.2477   0.07464   0.06575   0.04955         0
    26/249     3.71G   0.06591   0.04629         0    0.0404    0.1526        29       640    0.1694    0.5162    0.2536   0.08445   0.06129   0.05288         0
    27/249     3.71G   0.06354   0.04615         0   0.04003    0.1497        43       640    0.2444    0.4335    0.2757   0.09323   0.06141   0.05031         0
    28/249     3.71G   0.06477    0.0453         0   0.04031    0.1504        52       640     0.206    0.4492    0.2623   0.07508   0.06438   0.04925         0
    29/249     3.71G   0.06342   0.04581         0   0.03876     0.148        32       640    0.2222    0.4974    0.3071    0.1162     0.059   0.05022         0
    30/249     3.71G   0.06275   0.04495         0   0.03808    0.1458        29       640    0.2691     0.489    0.3127    0.1188   0.05833   0.05057         0
    31/249     3.71G   0.06085   0.04569         0   0.03851    0.1451        39       640    0.2024    0.5874    0.3384    0.1336   0.05664   0.05105         0
    32/249     3.71G    0.0622   0.04562         0   0.03813     0.146        28       640    0.1957    0.5435    0.3267    0.1293   0.05824   0.05028         0
    33/249     3.71G   0.06206   0.04495         0   0.03676    0.1438        55       640    0.2607    0.5141    0.3444    0.1326   0.05865   0.05029         0
    34/249     3.71G     0.061   0.04598         0   0.03597     0.143        37       640    0.2443    0.5319    0.3542     0.134   0.05737   0.04975         0
    35/249     3.71G   0.06099   0.04576         0   0.03644    0.1432        29       640    0.2941    0.4306    0.3168    0.1238   0.05793   0.05059         0
    36/249     3.71G   0.06053   0.04469         0    0.0386    0.1438        29       640    0.1961    0.5927    0.3356    0.1386   0.05564   0.05114         0
    37/249     3.71G   0.05972   0.04618         0   0.03741    0.1433        40       640    0.2854     0.511    0.3761    0.1511     0.055    0.0498         0
    38/249     3.71G   0.05835   0.04454         0   0.03588    0.1388        50       640     0.241     0.555    0.3711    0.1495    0.0557   0.04984         0
    39/249     3.71G   0.05842   0.04535         0   0.03662    0.1404        30       640    0.2282    0.5749    0.3838     0.168   0.05359   0.04996         0
    40/249     3.71G   0.05909   0.04474         0    0.0354    0.1392        30       640    0.2179    0.6063    0.3988    0.1597   0.05558   0.04899         0
    41/249     3.71G    0.0572   0.04437         0   0.03615    0.1377        47       640    0.2811    0.5424    0.3961    0.1757   0.05358   0.04921         0
    42/249     3.71G   0.05803   0.04467         0   0.03471    0.1374        35       640    0.3216    0.5414    0.4033    0.1558    0.0552   0.04834         0
    43/249     3.71G   0.05716   0.04345         0   0.03459    0.1352        31       640    0.2276    0.6147    0.4059    0.1694   0.05261   0.04896         0
    44/249     3.71G     0.057   0.04263         0   0.03277    0.1324        49       640    0.1847    0.6461    0.3855    0.1571   0.05409   0.04972         0
    45/249     3.71G   0.05678   0.04296         0   0.03326     0.133        43       640     0.216    0.6021    0.3759    0.1613   0.05379   0.04941         0
    46/249     3.71G   0.05647   0.04383         0    0.0338    0.1341        45       640    0.2568    0.6241    0.4324    0.1829    0.0521    0.0477         0
    47/249     3.71G   0.05627   0.04188         0    0.0326    0.1308        26       640    0.2915    0.5497    0.4129    0.1725   0.05347   0.04798         0
    48/249     3.71G   0.05657   0.04331         0   0.03315     0.133        52       640    0.2414    0.6419    0.4321    0.1881    0.0525   0.04786         0
    49/249     3.71G   0.05613   0.04265         0   0.03282    0.1316        33       640    0.2064     0.667    0.4123    0.1774   0.05195   0.04926         0
    50/249     3.71G   0.05431   0.04422         0   0.03246     0.131        40       640    0.2468    0.6482    0.4418    0.1942   0.05047   0.04791         0
    51/249     3.71G   0.05409   0.04137         0   0.03342    0.1289        22       640    0.2863    0.6147    0.4604    0.2075    0.0509   0.04738         0
    52/249     3.71G   0.05489   0.04224         0   0.03162    0.1287        44       640    0.3637    0.5759    0.4675    0.2276   0.04968   0.04785         0
    53/249     3.71G    0.0535   0.04073         0   0.03287    0.1271        42       640    0.2391    0.6346    0.4275    0.1963   0.05222   0.04795         0
    54/249     3.71G   0.05329   0.04348         0   0.03214    0.1289        63       640    0.2726    0.6272    0.4462    0.2096   0.05017   0.04798         0
    55/249     3.71G   0.05362   0.04145         0   0.03253    0.1276        37       640    0.2079    0.6492    0.4396    0.2062   0.05105   0.04827         0
    56/249     3.71G   0.05393   0.04126         0    0.0324    0.1276        28       640    0.2872    0.6461    0.4629    0.2198   0.04957   0.04717         0
    57/249     3.71G   0.05191    0.0409         0   0.03123     0.124        31       640    0.2731    0.6331    0.4465    0.2132   0.04993   0.04729         0
    58/249     3.71G   0.05122   0.04168         0   0.03148    0.1244        38       640    0.2529    0.6681     0.459    0.2004    0.0514   0.04634         0
    59/249     3.71G   0.05273   0.04147         0   0.03132    0.1255        44       640     0.386    0.5707    0.4732    0.2337   0.04899   0.04687         0
    60/249     3.71G   0.05279   0.04164         0      0.03    0.1244        57       640    0.3074     0.622    0.4647    0.2267   0.04862   0.04689         0
    61/249     3.71G   0.05032   0.04253         0   0.03007    0.1229        54       640    0.2145    0.6806    0.4581    0.2231   0.05002   0.04763         0
    62/249     3.71G   0.05087    0.0412         0   0.02949    0.1216        32       640    0.2553    0.6723    0.4647    0.2231   0.04968   0.04657         0
    63/249     3.71G   0.04959   0.04037         0    0.0313    0.1213        27       640    0.3034    0.6352    0.4727    0.2321   0.04872   0.04659         0
    64/249     3.71G   0.05289   0.04039         0   0.02992    0.1232        27       640    0.2739    0.6639    0.4848    0.2329   0.04986   0.04628         0
    65/249     3.71G   0.05022   0.03997         0   0.02958    0.1198        42       640    0.2431    0.6869     0.479     0.242   0.04828   0.04692         0
    66/249     3.71G   0.04984   0.04082         0   0.03013    0.1208        38       640     0.354    0.5832    0.4666    0.2304    0.0483   0.04762         0
    67/249     3.71G   0.04875   0.03901         0    0.0293    0.1171        27       640    0.3185       0.6    0.4533     0.217    0.0501   0.04633         0
    68/249     3.71G   0.05139   0.03996         0   0.02941    0.1208        39       640    0.2812    0.6314    0.4693    0.2231   0.05009   0.04641         0
    69/249     3.71G   0.04861   0.04003         0   0.02796    0.1166        53       640    0.2731    0.6702    0.4845    0.2403   0.04811   0.04638         0
    70/249     3.71G   0.04845   0.03937         0   0.02798    0.1158        50       640    0.2785    0.6723    0.5027    0.2579   0.04704   0.04637         0
    71/249     3.71G   0.04877   0.04028         0   0.02837    0.1174        47       640    0.3688    0.5728    0.4742    0.2395   0.04846   0.04709         0
    72/249     3.71G   0.04854   0.03981         0   0.02828    0.1166        39       640    0.2578     0.667    0.4876    0.2402   0.04845   0.04722         0
    73/249     3.71G   0.04893   0.03778         0   0.02913    0.1158        27       640    0.3313    0.6021    0.4885    0.2489   0.04824   0.04668         0
    74/249     3.71G    0.0487     0.037         0   0.02763    0.1133        36       640     0.291    0.6565    0.4989    0.2536   0.04841   0.04589         0
    75/249     3.71G   0.04838   0.03911         0   0.02846     0.116        35       640    0.3467    0.6157    0.5006    0.2425   0.04879   0.04555         0
    76/249     3.71G   0.04807   0.04012         0     0.028    0.1162        49       640    0.1915    0.7309    0.4767    0.2427   0.04712   0.04955         0
    77/249     3.71G    0.0475   0.03892         0   0.02828    0.1147        39       640    0.2687    0.6649     0.478     0.246   0.04838   0.04633         0
    78/249     3.71G   0.04797   0.03832         0   0.02753    0.1138        26       640    0.3367       0.6    0.4842    0.2439   0.04894   0.04666         0
    79/249     3.71G   0.04734   0.03829         0   0.02739     0.113        29       640    0.2412    0.6775    0.4804    0.2408   0.04808   0.04751         0
    80/249     3.71G   0.04788   0.03863         0   0.02833    0.1148        26       640    0.3075     0.645    0.4969    0.2516   0.04751   0.04582         0
    81/249     3.71G   0.04499   0.03747         0    0.0271    0.1096        59       640    0.2712    0.6775     0.513    0.2671   0.04695   0.04563         0
    82/249     3.71G   0.04721   0.03808         0   0.02713    0.1124        34       640    0.2454    0.6764    0.4811    0.2471   0.04751   0.04668         0
    83/249     3.71G   0.04603   0.03744         0   0.02679    0.1103        30       640    0.3298      0.66     0.514    0.2688   0.04707   0.04504         0
    84/249     3.71G   0.04537   0.03683         0   0.02751    0.1097        39       640    0.2886    0.6775    0.5128    0.2727   0.04597   0.04562         0
    85/249     3.71G   0.04652   0.03936         0   0.02632    0.1122        19       640    0.2998    0.6764    0.5275    0.2726    0.0469   0.04503         0
    86/249     3.71G   0.04416   0.03683         0   0.02689    0.1079        31       640    0.3437    0.6387    0.5026    0.2566   0.04731   0.04578         0
    87/249     3.71G   0.04585   0.03727         0    0.0264    0.1095        47       640    0.3316    0.6052    0.4955     0.266   0.04689   0.04644         0
    88/249     3.71G    0.0461   0.03593         0   0.02641    0.1084        63       640     0.243     0.689    0.4942    0.2626   0.04689   0.04667         0
    89/249     3.71G   0.04504   0.03697         0   0.02549    0.1075        61       640    0.2186    0.6974    0.4715    0.2378    0.0486   0.04736         0
    90/249     3.71G   0.04461    0.0365         0   0.02676    0.1079        74       640    0.3402     0.667    0.5287    0.2701   0.04641   0.04512         0
    91/249     3.71G   0.04485   0.03606         0    0.0261     0.107        27       640    0.2652    0.6901    0.5137    0.2673   0.04604   0.04631         0
    92/249     3.71G   0.04391   0.03467         0   0.02621    0.1048        42       640    0.2972    0.6702    0.5169    0.2684   0.04713   0.04578         0
    93/249     3.71G   0.04367   0.03409         0   0.02567    0.1034        65       640    0.2758    0.7131    0.5184    0.2732   0.04647   0.04559         0
    94/249     3.71G    0.0447   0.03561         0   0.02516    0.1055        33       640    0.3451    0.6293    0.5173    0.2688   0.04619   0.04596         0
    95/249     3.71G   0.04401    0.0363         0   0.02604    0.1064        40       640    0.3078    0.6691    0.5213    0.2828   0.04591   0.04571         0
    96/249     3.71G   0.04403   0.03735         0   0.02639    0.1078        44       640    0.2697    0.6817    0.5198    0.2795   0.04611   0.04566         0
    97/249     3.71G   0.04313   0.03486         0   0.02552    0.1035        34       640    0.3096     0.667    0.5139    0.2667   0.04715   0.04571         0
    98/249     3.71G   0.04274   0.03658         0   0.02557    0.1049        41       640    0.3045    0.6817     0.521    0.2811   0.04542   0.04533         0
    99/249     3.71G   0.04215   0.03607         0   0.02438    0.1026        39       640    0.3299    0.6471    0.5064    0.2663   0.04614   0.04654         0
   100/249     3.71G   0.04168   0.03466         0   0.02475    0.1011        46       640     0.259    0.7131    0.5371     0.286   0.04557   0.04612         0
   101/249     3.71G   0.04138   0.03587         0   0.02508    0.1023        31       640    0.3603    0.6718    0.5523    0.2913   0.04543   0.04483         0
   102/249     3.71G   0.04267   0.03561         0   0.02544    0.1037        32       640    0.3345    0.6168    0.4998    0.2681   0.04603   0.04688         0
   103/249     3.71G   0.04183   0.03401         0   0.02467    0.1005        36       640    0.3002    0.6859    0.5313    0.2911   0.04489   0.04586         0
   104/249     3.71G   0.04334   0.03493         0   0.02499    0.1033        33       640    0.3442    0.6743    0.5346    0.2932   0.04525   0.04518         0
   105/249     3.71G   0.04189   0.03433         0   0.02414    0.1004        30       640    0.3801    0.6292    0.5367    0.2966   0.04532   0.04539         0
   106/249     3.71G   0.04105   0.03394         0   0.02428   0.09927        20       640     0.273    0.6712     0.496     0.268   0.04595   0.04654         0
   107/249     3.71G   0.04166   0.03399         0   0.02497    0.1006        42       640    0.2582    0.6492    0.4624    0.2469   0.04725   0.04772         0
   108/249     3.71G   0.04148   0.03368         0   0.02492    0.1001        26       640    0.3007    0.6555    0.5114    0.2814   0.04592   0.04614         0
   109/249     3.71G   0.04033   0.03502         0   0.02379   0.09913        80       640    0.3511    0.6534    0.5251    0.2886   0.04585   0.04541         0
   110/249     3.71G   0.04055   0.03451         0   0.02424   0.09929        28       640    0.3088    0.6723      0.51    0.2777   0.04534   0.04592         0
   111/249     3.71G   0.03933   0.03347         0   0.02429   0.09709        30       640    0.3744    0.6555    0.5485    0.3006   0.04575   0.04485         0
   112/249     3.71G   0.03955   0.03414         0   0.02366   0.09735        30       640    0.3192    0.6827    0.5352    0.2909   0.04481   0.04483         0
   113/249     3.71G   0.03872   0.03301         0   0.02407    0.0958        41       640    0.3178    0.6534    0.5074    0.2799   0.04596   0.04654         0
   114/249     3.71G   0.03927   0.03496         0   0.02334   0.09757        45       640    0.3685    0.6565    0.5457    0.2956   0.04574   0.04544         0
   115/249     3.71G   0.04111   0.03295         0   0.02374    0.0978        32       640    0.4435    0.5948     0.535     0.293   0.04589   0.04725         0
   116/249     3.71G   0.03942   0.03277         0   0.02369   0.09588        45       640    0.3349    0.6838    0.5418    0.2939   0.04555   0.04475         0
   117/249     3.71G   0.03932   0.03363         0   0.02336   0.09631        36       640     0.338    0.6429    0.5179    0.2899   0.04538   0.04571         0
   118/249     3.71G   0.03885   0.03183         0   0.02246   0.09314        29       640    0.2964    0.6901    0.5363    0.3028   0.04436   0.04569         0
   119/249     3.71G   0.03879   0.03265         0   0.02341   0.09485        49       640    0.3444    0.6503    0.5182    0.2853    0.0461   0.04597         0
   120/249     3.71G   0.03866   0.03189         0    0.0232   0.09376        24       640    0.3352     0.666    0.5296     0.298   0.04469   0.04575         0
   121/249     3.71G   0.03868   0.03267         0   0.02284   0.09419        27       640    0.3093    0.6639     0.523    0.2962    0.0452   0.04572         0
   122/249     3.71G   0.03866   0.03106         0   0.02301   0.09272        31       640    0.3198    0.6806    0.5386    0.2926   0.04507   0.04552         0
   123/249     3.71G   0.03853   0.03181         0   0.02304   0.09338        27       640    0.3393    0.6471     0.516    0.2806   0.04627   0.04636         0
   124/249     3.71G   0.03833   0.03258         0   0.02323   0.09414        30       640    0.3009    0.7016    0.5387    0.2909   0.04458   0.04639         0
   125/249     3.71G   0.03714   0.03098         0   0.02224   0.09036        32       640    0.3177    0.6482    0.5055    0.2735   0.04619   0.04706         0
   126/249     3.71G   0.03675   0.03094         0   0.02237   0.09007        41       640    0.3252    0.6639    0.5305    0.2867   0.04503   0.04637         0
   127/249     3.71G   0.03651   0.03061         0   0.02198   0.08911        50       640    0.3366    0.6356    0.5132    0.2827   0.04514   0.04741         0
   128/249     3.71G   0.03658   0.03087         0   0.02225    0.0897        47       640    0.3469    0.6628    0.5387    0.3004   0.04483   0.04594         0
   129/249     3.71G   0.03716   0.02949         0   0.02258   0.08923        25       640    0.3422    0.6607    0.5263    0.2905   0.04502   0.04676         0
   130/249     3.71G    0.0365    0.0306         0   0.02219   0.08929        51       640    0.3689    0.6534    0.5312    0.2983   0.04509    0.0461         0
   131/249     3.71G   0.03591   0.03027         0   0.02261   0.08879        43       640    0.3822    0.6382     0.522    0.2931   0.04504   0.04682         0
   132/249     3.71G   0.03732   0.02965         0   0.02201   0.08898        28       640    0.3608    0.6655    0.5418     0.305   0.04422   0.04551         0
   133/249     3.71G   0.03587   0.02986         0   0.02192   0.08765        36       640    0.3244    0.6618    0.5148    0.2889   0.04556    0.0461         0
   134/249     3.71G   0.03667   0.03156         0   0.02179   0.09003        28       640    0.3731    0.6549    0.5438    0.3055    0.0447   0.04605         0
   135/249     3.71G   0.03644   0.02944         0   0.02164   0.08752        27       640    0.3893    0.6366    0.5294    0.2961   0.04536   0.04674         0
   136/249     3.71G   0.03719   0.03088         0   0.02162   0.08969        40       640     0.289    0.6872    0.5179    0.2895   0.04496   0.04681         0
   137/249     3.71G   0.03519   0.02956         0   0.02142   0.08617        30       640    0.3448     0.666    0.5367     0.301   0.04405   0.04674         0
   138/249     3.71G   0.03501   0.02945         0   0.02064    0.0851        51       640    0.3506    0.6555    0.5296    0.2971   0.04448   0.04723         0
   139/249     3.71G   0.03477   0.02872         0   0.02181    0.0853        34       640    0.3696    0.6482    0.5482    0.3107   0.04433    0.0463         0
   140/249     3.71G   0.03517   0.02874         0   0.02157   0.08548        39       640    0.3653    0.6513    0.5534    0.3145   0.04466   0.04583         0
   141/249     3.71G    0.0348    0.0292         0   0.02085   0.08485        55       640    0.3604     0.644    0.5358    0.3025   0.04435   0.04633         0
   142/249     3.71G   0.03467    0.0298         0   0.02055   0.08501        57       640    0.3472    0.6461    0.5272    0.3005   0.04492   0.04684         0
   143/249     3.71G   0.03418   0.02853         0   0.02123   0.08393        19       640    0.4028    0.6084    0.5316    0.2966   0.04529   0.04762         0
   144/249     3.71G    0.0351   0.02813         0   0.02117    0.0844        42       640    0.2762    0.6817    0.5336    0.3087   0.04413   0.04753         0
   145/249     3.71G   0.03374    0.0281         0   0.02102   0.08286        36       640    0.3889    0.6283    0.5299    0.3071   0.04463   0.04739         0
   146/249     3.71G   0.03354   0.02778         0    0.0211   0.08242        26       640    0.3612    0.6524    0.5423    0.3136    0.0439   0.04681         0
   147/249     3.71G   0.03412   0.02882         0   0.02089   0.08384        24       640    0.3646    0.6471     0.534    0.3033   0.04438     0.047         0
   148/249     3.71G   0.03472   0.02854         0   0.02147   0.08474        33       640    0.3089    0.6806    0.5337    0.3097   0.04374   0.04757         0
   149/249     3.71G   0.03439   0.02783         0   0.02052   0.08274        22       640    0.3565    0.6314    0.5339     0.306   0.04493   0.04672         0
   150/249     3.71G   0.03327   0.02758         0    0.0206   0.08144        48       640    0.3723    0.6398    0.5375     0.308   0.04407   0.04712         0
   151/249     3.71G   0.03425    0.0288         0   0.02115    0.0842        26       640    0.3294    0.6524    0.5283    0.3028   0.04509   0.04666         0
   152/249     3.71G   0.03262    0.0276         0   0.02061   0.08083        23       640    0.3963    0.6314    0.5384    0.3207   0.04409   0.04705         0
   153/249     3.71G   0.03211   0.02652         0   0.02064   0.07926        36       640    0.3775    0.6356    0.5333       0.3   0.04403   0.04748         0
   154/249     3.71G   0.03187   0.02753         0   0.02037   0.07977        33       640    0.4057    0.6262    0.5408    0.3103   0.04466   0.04752         0
   155/249     3.71G   0.03293    0.0268         0   0.02023   0.07996        43       640     0.377    0.6461    0.5457    0.3111   0.04499   0.04638         0
   156/249     3.71G   0.03184   0.02696         0   0.02058   0.07938        28       640    0.3388    0.6576    0.5329    0.3139   0.04459   0.04689         0
   157/249     3.71G   0.03194   0.02783         0   0.02021   0.07998        30       640    0.4087    0.6188    0.5424    0.3133   0.04442   0.04688         0
   158/249     3.71G   0.03319   0.02691         0   0.02058   0.08067        38       640    0.3676    0.6356    0.5359    0.3081   0.04446   0.04767         0
   159/249     3.71G   0.03179   0.02629         0   0.02043   0.07851        23       640    0.4065     0.623    0.5455    0.3162   0.04394   0.04749         0
   160/249     3.71G   0.03165   0.02692         0   0.02019   0.07876        37       640    0.3734    0.6419    0.5258    0.3074   0.04419   0.04751         0
   161/249     3.71G   0.03211    0.0269         0   0.02038   0.07938        28       640    0.3981    0.6105    0.5249    0.3137   0.04432   0.04803         0
   162/249     3.71G   0.03198   0.02592         0   0.02057   0.07848        25       640    0.3571    0.6534    0.5358    0.3073   0.04398   0.04722         0
   163/249     3.71G   0.03101   0.02717         0   0.01951   0.07769        45       640     0.425    0.6251    0.5435    0.3182   0.04397   0.04781         0
   164/249     3.71G   0.03138   0.02638         0   0.02049   0.07825        30       640    0.3986    0.6304    0.5447    0.3147   0.04385   0.04733         0
   165/249     3.71G   0.03153     0.026         0   0.01993   0.07745        50       640    0.4242    0.6293    0.5423     0.313   0.04424   0.04822         0
   166/249     3.71G   0.03034   0.02565         0   0.01969   0.07568        43       640    0.4221    0.6387     0.545     0.314   0.04458   0.04777         0
   167/249     3.71G   0.03125   0.02676         0   0.02005   0.07806        45       640     0.373     0.659    0.5592    0.3221   0.04428   0.04753         0
   168/249     3.71G   0.03083   0.02516         0   0.01972   0.07571        32       640    0.4402    0.6027    0.5436    0.3154   0.04451   0.04889         0
   169/249     3.71G   0.03079   0.02637         0   0.01954    0.0767        42       640    0.3995       0.6    0.5273    0.3035   0.04444    0.0495         0
   170/249     3.71G   0.03084   0.02516         0   0.01933   0.07533        35       640    0.3971    0.6314    0.5532    0.3239    0.0438    0.0475         0
   171/249     3.71G   0.03018   0.02597         0   0.01986   0.07601        43       640    0.3907    0.6325    0.5476    0.3193   0.04401   0.04753         0
   172/249     3.71G   0.03006   0.02672         0   0.01903   0.07581        47       640    0.3947    0.6576    0.5583    0.3288   0.04346   0.04718         0
   173/249     3.71G   0.03032   0.02542         0   0.01928   0.07503        47       640    0.3595     0.645    0.5364    0.3136    0.0438   0.04853         0
   174/249     3.71G   0.03064   0.02568         0   0.01949   0.07581        28       640    0.4001    0.6145    0.5317    0.3096   0.04447   0.04874         0
   175/249     3.71G   0.03007   0.02485         0   0.01953   0.07445        36       640    0.3778    0.6188    0.5389    0.3163   0.04441   0.04781         0
   176/249     3.71G   0.03062   0.02576         0   0.01889   0.07526        53       640    0.4112    0.6419    0.5572    0.3228    0.0438   0.04776         0
   177/249     3.71G   0.02984   0.02424         0   0.01928   0.07335        23       640    0.3916    0.6293    0.5409    0.3238   0.04408   0.04805         0
   178/249     3.71G   0.02995   0.02546         0    0.0191   0.07451        37       640    0.4037    0.6199    0.5295    0.3107   0.04477   0.04854         0
   179/249     3.71G   0.02938   0.02445         0   0.01907    0.0729        33       640    0.4341    0.6262    0.5513    0.3234   0.04412   0.04818         0
   180/249     3.71G   0.03014   0.02444         0   0.01903   0.07361        28       640    0.4342     0.622    0.5411    0.3174   0.04466   0.04881         0
   181/249     3.71G   0.02956   0.02498         0   0.01859   0.07313        30       640    0.4044    0.6283    0.5449    0.3165   0.04461   0.04841         0
   182/249     3.71G   0.02887   0.02425         0   0.01853   0.07166        37       640    0.3975    0.6073    0.5308    0.3095   0.04544   0.04943         0
   183/249     3.71G   0.02938    0.0245         0   0.01885   0.07273        48       640    0.4588    0.6052    0.5431    0.3195    0.0444   0.04938         0
   184/249     3.71G   0.02952   0.02452         0   0.01886    0.0729        40       640    0.4316    0.6262    0.5487    0.3238   0.04389   0.04858         0
   185/249     3.71G   0.02881    0.0245         0   0.01871   0.07201        42       640    0.4006    0.6157    0.5306    0.3114   0.04428   0.04998         0
   186/249     3.71G   0.02857   0.02394         0   0.01841   0.07092        26       640    0.4033    0.6188    0.5456    0.3237   0.04402   0.04976         0
   187/249     3.71G   0.02892   0.02464         0   0.01847   0.07202        26       640    0.4501    0.5965     0.537     0.319   0.04423   0.04997         0
   188/249     3.71G   0.02816   0.02432         0   0.01886   0.07134        35       640     0.387    0.6408    0.5414    0.3162   0.04381   0.04948         0
   189/249     3.71G   0.02814   0.02344         0   0.01847   0.07005        36       640    0.4384    0.6168    0.5405     0.325   0.04365   0.04971         0
   190/249     3.71G   0.02876   0.02452         0   0.01819   0.07148        50       640    0.4347    0.6157    0.5507    0.3263   0.04412   0.04929         0
   191/249     3.71G   0.02834   0.02425         0   0.01845   0.07103        38       640     0.431    0.6052     0.543    0.3209   0.04409   0.04944         0
   192/249     3.71G    0.0281   0.02317         0   0.01895   0.07022        41       640    0.4255    0.6356     0.551    0.3295   0.04358   0.04855         0
   193/249     3.71G   0.02839   0.02393         0   0.01863   0.07095        42       640    0.4298    0.6241    0.5555    0.3339   0.04395   0.04871         0
   194/249     3.71G   0.02845   0.02417         0   0.01825   0.07088        44       640    0.4684    0.6063    0.5442    0.3223   0.04419   0.05036         0
   195/249     3.71G   0.02801   0.02352         0   0.01843   0.06996        25       640    0.4308    0.6147    0.5465    0.3225   0.04433   0.04974         0
   196/249     3.71G    0.0278    0.0248         0    0.0181   0.07069        28       640    0.4146    0.6251    0.5461    0.3223   0.04413   0.04918         0
   197/249     3.71G   0.02796   0.02347         0   0.01796    0.0694        49       640    0.4542    0.6188    0.5521    0.3257    0.0441   0.04916         0
   198/249     3.71G   0.02785   0.02302         0   0.01841   0.06929        28       640      0.45    0.6147    0.5578     0.329    0.0442   0.04945         0
   199/249     3.71G   0.02821   0.02371         0   0.01841   0.07032        36       640    0.4761    0.6283     0.565    0.3326   0.04394    0.0492         0
   200/249     3.71G    0.0273   0.02258         0   0.01816   0.06805        27       640    0.4706    0.6021    0.5606    0.3345   0.04412   0.04952         0
   201/249     3.71G   0.02766    0.0226         0   0.01835   0.06861        58       640     0.432    0.6203    0.5549    0.3329   0.04389   0.04903         0
   202/249     3.71G   0.02741   0.02325         0   0.01832   0.06898        25       640    0.4448    0.6157    0.5614    0.3364   0.04397   0.04875         0
   203/249     3.71G   0.02717   0.02245         0   0.01815   0.06777        38       640    0.4666    0.6052    0.5581    0.3349   0.04403   0.05001         0
   204/249     3.71G   0.02734   0.02318         0     0.018   0.06852        33       640    0.4361    0.6021    0.5399    0.3205   0.04432   0.05069         0
   205/249     3.71G   0.02734   0.02251         0   0.01793   0.06778        20       640    0.5206    0.5832    0.5428    0.3183   0.04478   0.05148         0
   206/249     3.71G    0.0278   0.02271         0   0.01821   0.06872        34       640    0.4576    0.6209    0.5494    0.3255   0.04415   0.05004         0
   207/249     3.71G   0.02682   0.02298         0   0.01776   0.06756        45       640    0.4738    0.6157    0.5603    0.3316   0.04386    0.0495         0
   208/249     3.71G   0.02698   0.02303         0   0.01794   0.06795        45       640     0.467    0.6188    0.5666    0.3325   0.04409   0.04936         0
   209/249     3.71G    0.0264   0.02222         0   0.01751   0.06613        26       640    0.4725    0.6168    0.5572    0.3301   0.04348   0.04996         0
   210/249     3.71G    0.0267   0.02207         0   0.01774   0.06652        29       640    0.4962    0.5969    0.5477    0.3278   0.04444   0.05027         0
   211/249     3.71G   0.02683   0.02245         0   0.01816   0.06744        28       640    0.4749    0.5937    0.5453    0.3261   0.04393   0.05062         0
   212/249     3.71G   0.02632   0.02155         0   0.01812     0.066        24       640    0.4856    0.5937    0.5444    0.3252   0.04416   0.05106         0
   213/249     3.71G   0.02606   0.02152         0   0.01778   0.06536        31       640    0.5004    0.5832    0.5383    0.3239   0.04449   0.05216         0
   214/249     3.71G   0.02662   0.02268         0   0.01747   0.06676        28       640    0.4981       0.6    0.5501    0.3283   0.04433   0.05156         0
   215/249     3.71G    0.0257    0.0217         0   0.01772   0.06512        61       640      0.52    0.5937    0.5565    0.3335   0.04371    0.0515         0
   216/249     3.71G   0.02599   0.02237         0   0.01772   0.06607        61       640    0.4648    0.6063    0.5536    0.3317    0.0438    0.0509         0
   217/249     3.71G   0.02588   0.02105         0   0.01782   0.06475        27       640    0.4817    0.6168    0.5629    0.3345   0.04381   0.05013         0
   218/249     3.71G    0.0261   0.02232         0   0.01755   0.06597        32       640    0.5096    0.5822    0.5499    0.3337     0.044   0.05157         0
   219/249     3.71G   0.02646   0.02266         0   0.01743   0.06654        50       640    0.4984    0.6073    0.5517    0.3316   0.04397   0.05104         0
   220/249     3.71G   0.02622   0.02065         0   0.01724   0.06411        31       640    0.5195       0.6     0.553    0.3309   0.04401   0.05118         0
   221/249     3.71G   0.02591   0.02177         0   0.01766   0.06535        27       640    0.4824       0.6    0.5542    0.3362   0.04406   0.05065         0
   222/249     3.71G   0.02582   0.02187         0   0.01772   0.06542        38       640    0.4968    0.6031    0.5507    0.3344   0.04407   0.05099         0
   223/249     3.71G   0.02526   0.02091         0   0.01802   0.06419        30       640    0.4901    0.6136    0.5501     0.329   0.04381   0.05082         0
   224/249     3.71G   0.02569   0.02176         0   0.01749   0.06494        56       640     0.485    0.5966    0.5448    0.3308   0.04354   0.05149         0
   225/249     3.71G   0.02557   0.02085         0   0.01788   0.06429        29       640    0.4731    0.6105    0.5528     0.331   0.04386   0.05047         0
   226/249     3.71G   0.02604   0.02112         0   0.01746   0.06462        26       640    0.5097    0.5885    0.5552    0.3279   0.04425   0.05155         0
   227/249     3.71G   0.02527   0.02072         0   0.01731    0.0633        26       640    0.5083    0.6008    0.5522    0.3351   0.04401   0.05137         0
   228/249     3.71G   0.02569   0.02152         0   0.01734   0.06456        50       640     0.487    0.5937    0.5473    0.3307   0.04382   0.05184         0
   229/249     3.71G   0.02558   0.02181         0   0.01773   0.06511        29       640     0.503    0.5958    0.5572    0.3324   0.04371   0.05123         0
   230/249     3.71G   0.02568   0.02151         0   0.01732   0.06451        56       640    0.4886    0.6052    0.5577    0.3398    0.0438   0.05104         0
   231/249     3.71G   0.02584   0.02137         0   0.01718   0.06438        34       640     0.499    0.6008    0.5508    0.3346   0.04432   0.05165         0
   232/249     3.71G   0.02505   0.02068         0   0.01701   0.06273        29       640    0.5122    0.5906    0.5511    0.3312   0.04448   0.05233         0
   233/249     3.71G   0.02497   0.02009         0   0.01722   0.06228        43       640    0.5275    0.5951    0.5528    0.3349   0.04448   0.05242         0
   234/249     3.71G   0.02512   0.02028         0   0.01735   0.06275        23       640    0.4841    0.6084    0.5524    0.3268   0.04426   0.05134         0
   235/249     3.71G   0.02521   0.02086         0   0.01703   0.06309        42       640    0.5331    0.5822     0.551    0.3321   0.04426   0.05166         0
   236/249     3.71G   0.02515   0.02137         0   0.01709   0.06361        33       640    0.5257    0.6063    0.5569      0.33   0.04397   0.05191         0
   237/249     3.71G   0.02576   0.02152         0   0.01691   0.06418        37       640    0.5243    0.5895    0.5527    0.3308   0.04385   0.05225         0
   238/249     3.71G   0.02518   0.02085         0    0.0171   0.06314        31       640     0.536    0.5738    0.5472    0.3303   0.04426   0.05334         0
   239/249     3.71G   0.02509   0.01954         0   0.01732   0.06196        33       640    0.4895    0.5906    0.5505    0.3329   0.04419   0.05171         0
   240/249     3.71G   0.02459   0.02144         0   0.01673   0.06275        50       640    0.4957    0.5948    0.5461    0.3309   0.04441   0.05198         0
   241/249     3.71G   0.02493   0.02051         0   0.01713   0.06257        30       640    0.5051    0.5874    0.5441    0.3263   0.04474   0.05265         0
   242/249     3.71G   0.02477   0.02056         0   0.01729   0.06262        52       640     0.482    0.6042    0.5548    0.3338   0.04437   0.05075         0
   243/249     3.71G    0.0246   0.02054         0   0.01698   0.06212        26       640    0.5062    0.6052    0.5577    0.3377   0.04393     0.051         0
   244/249     3.71G   0.02463   0.02072         0   0.01713   0.06248        34       640    0.5158    0.5885    0.5552    0.3376   0.04408   0.05228         0
   245/249     3.71G   0.02429   0.02018         0   0.01698   0.06145        32       640     0.486    0.5885    0.5436     0.328    0.0443   0.05275         0
   246/249     3.71G    0.0246   0.01987         0   0.01685   0.06133        35       640    0.4945    0.5885    0.5523    0.3345   0.04427   0.05193         0
   247/249     3.71G    0.0245   0.01974         0   0.01701   0.06126        27       640    0.5242    0.5927    0.5553    0.3386   0.04403   0.05167         0
   248/249     3.71G   0.02469   0.02009         0   0.01718   0.06196        45       640    0.5182    0.5833    0.5533    0.3352    0.0442   0.05229         0
   249/249     3.71G   0.02437   0.02062         0   0.01725   0.06225        42       640    0.4972    0.5948     0.558     0.335   0.04441   0.05142         0
